# Fit of experimental SAXS data to model data
# Fri, 27 Apr 2012, 05:44 PM
#
# Data file: bpti_diff.pdh
# Model file: bptiCrysol.txt
# Q-range for fitting: 0.025--0.390712170274
# Beam-length smearing profile:  Sigmoidal; a = 69.328 ; b = 0.0320915
# Detector slit length = 0.154053
# Beam half-width = 0
#
# Background intensity allowed to float 
#
# Model name 	Red Chi^2  	Scale    	Bkgd offset 
#4pti	0.7      	1.93e-07 	0.0024   
#1BZ5_dimer	12.7     	7.42e-08 	0.00756  
#1BZ5_pentamer	75.6     	1.89e-08 	0.0142   
#1BZ5_decamer	105      	5.31e-09 	0.0182   
#
Q_exp      	I_exp      	Error       	q_4pti     	I_4pti      	q_1BZ5_dimer	I_1BZ5_dimer 	q_1BZ5_pentamer	I_1BZ5_pentamer 	q_1BZ5_decamer	I_1BZ5_decamer 
-4.5651E-03	1.7501E-03 	1.6457E-03  	0.0000E+00 	1.2191E-01  	0.0000E+00 	1.4264E-01  	0.0000E+00 	1.7064E-01  	0.0000E+00 	1.7444E-01  
-3.9129E-03	3.9990E-03 	1.8756E-03  	1.0000E-02 	1.2137E-01  	1.0000E-02 	1.4154E-01  	1.0000E-02 	1.6816E-01  	1.0000E-02 	1.7150E-01  
-3.2608E-03	1.0965E-02 	2.3416E-03  	2.0000E-02 	1.1976E-01  	2.0000E-02 	1.3832E-01  	2.0000E-02 	1.6093E-01  	2.0000E-02 	1.6296E-01  
-2.6086E-03	2.1044E-02 	3.1801E-03  	3.0000E-02 	1.1712E-01  	3.0000E-02 	1.3314E-01  	3.0000E-02 	1.4960E-01  	3.0000E-02 	1.4966E-01  
-1.9565E-03	3.1969E-02 	4.4487E-03  	4.0000E-02 	1.1354E-01  	4.0000E-02 	1.2627E-01  	4.0000E-02 	1.3515E-01  	4.0000E-02 	1.3285E-01  
-1.3043E-03	3.3934E-02 	5.8204E-03  	5.0000E-02 	1.0911E-01  	5.0000E-02 	1.1807E-01  	5.0000E-02 	1.1876E-01  	5.0000E-02 	1.1403E-01  
-6.5216E-04	2.2485E-02 	6.7825E-03  	6.0000E-02 	1.0394E-01  	6.0000E-02 	1.0893E-01  	6.0000E-02 	1.0166E-01  	6.0000E-02 	9.4746E-02  
0.0000E+00 	-1.4423E-02	7.0145E-03  	7.0000E-02 	9.8169E-02  	7.0000E-02 	9.9256E-02  	7.0000E-02 	8.5010E-02  	7.0000E-02 	7.6419E-02  
6.5216E-04 	-3.0057E-02	6.5918E-03  	8.0000E-02 	9.1942E-02  	8.0000E-02 	8.9437E-02  	8.0000E-02 	6.9749E-02  	8.0000E-02 	6.0167E-02  
1.3043E-03 	-1.1939E-02	5.7511E-03  	9.0000E-02 	8.5402E-02  	9.0000E-02 	7.9820E-02  	9.0000E-02 	5.6538E-02  	9.0000E-02 	4.6722E-02  
1.9565E-03 	1.4065E-03 	4.8256E-03  	1.0000E-01 	7.8694E-02  	1.0000E-01 	7.0687E-02  	1.0000E-01 	4.5728E-02  	1.0000E-01 	3.6398E-02  
2.6086E-03 	2.1301E-04 	3.9586E-03  	1.1000E-01 	7.1953E-02  	1.1000E-01 	6.2249E-02  	1.1000E-01 	3.7375E-02  	1.1000E-01 	2.9127E-02  
3.2608E-03 	-3.5343E-03	3.1150E-03  	1.2000E-01 	6.5305E-02  	1.2000E-01 	5.4635E-02  	1.2000E-01 	3.1295E-02  	1.2000E-01 	2.4540E-02  
3.9129E-03 	1.1874E-03 	2.5080E-03  	1.3000E-01 	5.8860E-02  	1.3000E-01 	4.7904E-02  	1.3000E-01 	2.7140E-02  	1.3000E-01 	2.2078E-02  
4.5651E-03 	9.8343E-03 	2.2147E-03  	1.4000E-01 	5.2709E-02  	1.4000E-01 	4.2049E-02  	1.4000E-01 	2.4481E-02  	1.4000E-01 	2.1108E-02  
5.2173E-03 	2.8798E-02 	2.2947E-03  	1.5000E-01 	4.6924E-02  	1.5000E-01 	3.7019E-02  	1.5000E-01 	2.2883E-02  	1.5000E-01 	2.1029E-02  
5.8694E-03 	5.6242E-02 	2.5506E-03  	1.6000E-01 	4.1560E-02  	1.6000E-01 	3.2728E-02  	1.6000E-01 	2.1959E-02  	1.6000E-01 	2.1339E-02  
6.5216E-03 	7.9900E-02 	2.7329E-03  	1.7000E-01 	3.6650E-02  	1.7000E-01 	2.9076E-02  	1.7000E-01 	2.1409E-02  	1.7000E-01 	2.1681E-02  
7.1737E-03 	9.5985E-02 	2.8089E-03  	1.8000E-01 	3.2211E-02  	1.8000E-01 	2.5962E-02  	1.8000E-01 	2.1023E-02  	1.8000E-01 	2.1847E-02  
7.8259E-03 	1.0545E-01 	2.8320E-03  	1.9000E-01 	2.8242E-02  	1.9000E-01 	2.3294E-02  	1.9000E-01 	2.0679E-02  	1.9000E-01 	2.1760E-02  
8.4780E-03 	1.1036E-01 	2.8112E-03  	2.0000E-01 	2.4732E-02  	2.0000E-01 	2.0993E-02  	2.0000E-01 	2.0323E-02  	2.0000E-01 	2.1437E-02  
9.1302E-03 	1.1199E-01 	2.7870E-03  	2.1000E-01 	2.1657E-02  	2.1000E-01 	1.8999E-02  	2.1000E-01 	1.9944E-02  	2.1000E-01 	2.0954E-02  
9.7824E-03 	1.1137E-01 	2.7652E-03  	2.2000E-01 	1.8986E-02  	2.2000E-01 	1.7270E-02  	2.2000E-01 	1.9555E-02  	2.2000E-01 	2.0404E-02  
1.0434E-02 	1.1163E-01 	2.7419E-03  	2.3000E-01 	1.6683E-02  	2.3000E-01 	1.5776E-02  	2.3000E-01 	1.9173E-02  	2.3000E-01 	1.9873E-02  
1.1087E-02 	1.1236E-01 	2.7191E-03  	2.4000E-01 	1.4710E-02  	2.4000E-01 	1.4497E-02  	2.4000E-01 	1.8811E-02  	2.4000E-01 	1.9423E-02  
1.1739E-02 	1.1511E-01 	2.7121E-03  	2.5000E-01 	1.3026E-02  	2.5000E-01 	1.3419E-02  	2.5000E-01 	1.8475E-02  	2.5000E-01 	1.9086E-02  
1.2391E-02 	1.1728E-01 	2.7051E-03  	2.6000E-01 	1.1594E-02  	2.6000E-01 	1.2528E-02  	2.6000E-01 	1.8165E-02  	2.6000E-01 	1.8868E-02  
1.3043E-02 	1.1738E-01 	2.6855E-03  	2.7000E-01 	1.0377E-02  	2.7000E-01 	1.1806E-02  	2.7000E-01 	1.7874E-02  	2.7000E-01 	1.8754E-02  
1.3695E-02 	1.1660E-01 	2.6634E-03  	2.8000E-01 	9.3447E-03  	2.8000E-01 	1.1236E-02  	2.8000E-01 	1.7598E-02  	2.8000E-01 	1.8719E-02  
1.4347E-02 	1.1502E-01 	2.6445E-03  	2.9000E-01 	8.4670E-03  	2.9000E-01 	1.0795E-02  	2.9000E-01 	1.7334E-02  	2.9000E-01 	1.8735E-02  
1.5000E-02 	1.1631E-01 	2.6499E-03  	3.0000E-01 	7.7200E-03  	3.0000E-01 	1.0457E-02  	3.0000E-01 	1.7079E-02  	3.0000E-01 	1.8777E-02  
1.5652E-02 	1.1586E-01 	2.6550E-03  	3.1000E-01 	7.0830E-03  	3.1000E-01 	1.0198E-02  	3.1000E-01 	1.6836E-02  	3.1000E-01 	1.8824E-02  
1.6304E-02 	1.1665E-01 	2.6440E-03  	3.2000E-01 	6.5392E-03  	3.2000E-01 	9.9949E-03  	3.2000E-01 	1.6607E-02  	3.2000E-01 	1.8861E-02  
1.6956E-02 	1.1819E-01 	2.6352E-03  	3.3000E-01 	6.0749E-03  	3.3000E-01 	9.8267E-03  	3.3000E-01 	1.6394E-02  	3.3000E-01 	1.8883E-02  
1.7608E-02 	1.1979E-01 	2.6258E-03  	3.4000E-01 	5.6791E-03  	3.4000E-01 	9.6782E-03  	3.4000E-01 	1.6198E-02  	3.4000E-01 	1.8884E-02  
1.8260E-02 	1.2084E-01 	2.6309E-03  	3.5000E-01 	5.3429E-03  	3.5000E-01 	9.5388E-03  	3.5000E-01 	1.6017E-02  	3.5000E-01 	1.8865E-02  
1.8913E-02 	1.2040E-01 	2.6215E-03  	3.6000E-01 	5.0594E-03  	3.6000E-01 	9.4032E-03  	3.6000E-01 	1.5851E-02  	3.6000E-01 	1.8830E-02  
1.9565E-02 	1.1878E-01 	2.6149E-03  	3.7000E-01 	4.8224E-03  	3.7000E-01 	9.2702E-03  	3.7000E-01 	1.5697E-02  	3.7000E-01 	1.8782E-02  
2.0217E-02 	1.1882E-01 	2.6096E-03  	3.8000E-01 	4.6270E-03  	3.8000E-01 	9.1420E-03  	3.8000E-01 	1.5555E-02  	3.8000E-01 	1.8727E-02  
2.0869E-02 	1.1989E-01 	2.6061E-03  	3.9000E-01 	4.4686E-03  	3.9000E-01 	9.0222E-03  	3.9000E-01 	1.5423E-02  	3.9000E-01 	1.8670E-02  
2.1521E-02 	1.2080E-01 	2.6097E-03  
2.2173E-02 	1.1729E-01 	2.5917E-03  
2.2825E-02 	1.1672E-01 	2.5839E-03  
2.3478E-02 	1.2040E-01 	2.6268E-03  
2.4130E-02 	1.2418E-01 	2.6442E-03  
2.4782E-02 	1.1994E-01 	2.6196E-03  
2.5434E-02 	1.1812E-01 	2.6080E-03  
2.6086E-02 	1.1641E-01 	2.5911E-03  
2.6738E-02 	1.1784E-01 	2.5860E-03  
2.7391E-02 	1.1564E-01 	2.5713E-03  
2.8043E-02 	1.2000E-01 	2.5838E-03  
2.8695E-02 	1.2050E-01 	2.6020E-03  
2.9347E-02 	1.1923E-01 	2.6118E-03  
2.9999E-02 	1.1676E-01 	2.5939E-03  
3.0651E-02 	1.1666E-01 	2.5852E-03  
3.1303E-02 	1.1459E-01 	2.5675E-03  
3.1956E-02 	1.1648E-01 	2.5728E-03  
3.2608E-02 	1.1561E-01 	2.5604E-03  
3.3260E-02 	1.1232E-01 	2.5422E-03  
3.3912E-02 	1.1168E-01 	2.5314E-03  
3.4564E-02 	1.1492E-01 	2.5524E-03  
3.5216E-02 	1.1917E-01 	2.5866E-03  
3.5869E-02 	1.1301E-01 	2.5405E-03  
3.6521E-02 	1.0990E-01 	2.5222E-03  
3.7173E-02 	1.1138E-01 	2.5274E-03  
3.7825E-02 	1.1239E-01 	2.5239E-03  
3.8477E-02 	1.0883E-01 	2.5152E-03  
3.9129E-02 	1.1106E-01 	2.5146E-03  
3.9782E-02 	1.0991E-01 	2.5180E-03  
4.0434E-02 	1.1238E-01 	2.5371E-03  
4.1086E-02 	1.1273E-01 	2.5392E-03  
4.1738E-02 	1.1332E-01 	2.5476E-03  
4.2390E-02 	1.0877E-01 	2.5209E-03  
4.3042E-02 	1.1110E-01 	2.5170E-03  
4.3694E-02 	1.0903E-01 	2.5045E-03  
4.4347E-02 	1.0797E-01 	2.4994E-03  
4.4999E-02 	1.1165E-01 	2.5269E-03  
4.5651E-02 	1.1421E-01 	2.5471E-03  
4.6303E-02 	1.1276E-01 	2.5406E-03  
4.6955E-02 	1.1050E-01 	2.5281E-03  
4.7607E-02 	1.0717E-01 	2.5070E-03  
4.8260E-02 	1.0810E-01 	2.5157E-03  
4.8912E-02 	1.0775E-01 	2.5080E-03  
4.9564E-02 	1.0849E-01 	2.5050E-03  
5.0216E-02 	1.0833E-01 	2.4961E-03  
5.0868E-02 	1.0565E-01 	2.5030E-03  
5.1520E-02 	1.0714E-01 	2.5017E-03  
5.2173E-02 	1.0564E-01 	2.4976E-03  
5.2825E-02 	1.0553E-01 	2.4923E-03  
5.3477E-02 	1.0611E-01 	2.4907E-03  
5.4129E-02 	1.1368E-01 	2.5336E-03  
5.4781E-02 	1.1304E-01 	2.5353E-03  
5.5433E-02 	1.0681E-01 	2.5178E-03  
5.6086E-02 	1.0415E-01 	2.4974E-03  
5.6738E-02 	1.0268E-01 	2.4751E-03  
5.7390E-02 	1.0325E-01 	2.4746E-03  
5.8042E-02 	1.0159E-01 	2.4647E-03  
5.8694E-02 	9.8326E-02 	2.4328E-03  
5.9346E-02 	1.0247E-01 	2.4529E-03  
5.9999E-02 	1.0984E-01 	2.4995E-03  
6.0651E-02 	1.0732E-01 	2.4976E-03  
6.1303E-02 	1.0150E-01 	2.4776E-03  
6.1955E-02 	9.9496E-02 	2.4503E-03  
6.2607E-02 	1.0196E-01 	2.4572E-03  
6.3259E-02 	1.0259E-01 	2.4546E-03  
6.3911E-02 	1.0156E-01 	2.4537E-03  
6.4564E-02 	9.8584E-02 	2.4299E-03  
6.5216E-02 	1.0133E-01 	2.4458E-03  
6.5868E-02 	1.0253E-01 	2.4682E-03  
6.6520E-02 	9.8690E-02 	2.4394E-03  
6.7172E-02 	9.5163E-02 	2.3929E-03  
6.7824E-02 	9.4844E-02 	2.3982E-03  
6.8476E-02 	9.5657E-02 	2.4075E-03  
6.9129E-02 	9.5363E-02 	2.4186E-03  
6.9781E-02 	9.4436E-02 	2.4001E-03  
7.0433E-02 	9.5495E-02 	2.4004E-03  
7.1085E-02 	9.6986E-02 	2.4076E-03  
7.1737E-02 	9.6620E-02 	2.4238E-03  
7.2389E-02 	9.4636E-02 	2.4308E-03  
7.3042E-02 	9.4197E-02 	2.4155E-03  
7.3694E-02 	9.4078E-02 	2.4001E-03  
7.4346E-02 	9.1573E-02 	2.3822E-03  
7.4998E-02 	9.2130E-02 	2.3853E-03  
7.5650E-02 	9.0727E-02 	2.3613E-03  
7.6302E-02 	9.8030E-02 	2.4063E-03  
7.6954E-02 	9.7127E-02 	2.4119E-03  
7.7607E-02 	9.2599E-02 	2.3858E-03  
7.8259E-02 	9.0691E-02 	2.3649E-03  
7.8911E-02 	9.2161E-02 	2.3723E-03  
7.9563E-02 	9.2815E-02 	2.3844E-03  
8.0215E-02 	9.1625E-02 	2.3700E-03  
8.0867E-02 	8.8443E-02 	2.3427E-03  
8.1520E-02 	8.8016E-02 	2.3496E-03  
8.2172E-02 	9.2593E-02 	2.3948E-03  
8.2824E-02 	9.2497E-02 	2.4049E-03  
8.3476E-02 	9.2713E-02 	2.3953E-03  
8.4128E-02 	8.9612E-02 	2.3674E-03  
8.4780E-02 	8.7402E-02 	2.3566E-03  
8.5433E-02 	8.8984E-02 	2.3649E-03  
8.6085E-02 	8.8576E-02 	2.3601E-03  
8.6737E-02 	8.6377E-02 	2.3444E-03  
8.7389E-02 	8.6099E-02 	2.3287E-03  
8.8041E-02 	8.4129E-02 	2.3168E-03  
8.8693E-02 	8.7046E-02 	2.3528E-03  
8.9345E-02 	8.6797E-02 	2.3654E-03  
8.9998E-02 	8.6394E-02 	2.3428E-03  
9.0650E-02 	8.3817E-02 	2.3183E-03  
9.1302E-02 	8.3247E-02 	2.3114E-03  
9.1954E-02 	8.1996E-02 	2.2920E-03  
9.2606E-02 	8.2454E-02 	2.2982E-03  
9.3258E-02 	8.4072E-02 	2.3129E-03  
9.3911E-02 	8.2033E-02 	2.2950E-03  
9.4563E-02 	8.2263E-02 	2.2829E-03  
9.5215E-02 	8.1132E-02 	2.2780E-03  
9.5867E-02 	8.0438E-02 	2.2822E-03  
9.6519E-02 	7.9594E-02 	2.2755E-03  
9.7171E-02 	7.8691E-02 	2.2695E-03  
9.7824E-02 	7.5658E-02 	2.2544E-03  
9.8476E-02 	7.8078E-02 	2.2686E-03  
9.9128E-02 	7.9444E-02 	2.2736E-03  
9.9780E-02 	7.7542E-02 	2.2597E-03  
1.0043E-01 	7.7648E-02 	2.2536E-03  
1.0108E-01 	7.9959E-02 	2.2589E-03  
1.0174E-01 	7.9296E-02 	2.2704E-03  
1.0239E-01 	7.7514E-02 	2.2682E-03  
1.0304E-01 	7.9124E-02 	2.2661E-03  
1.0369E-01 	7.6959E-02 	2.2568E-03  
1.0434E-01 	7.8324E-02 	2.2700E-03  
1.0500E-01 	7.7319E-02 	2.2708E-03  
1.0565E-01 	7.3082E-02 	2.2393E-03  
1.0630E-01 	7.2584E-02 	2.2187E-03  
1.0695E-01 	7.6608E-02 	2.2415E-03  
1.0761E-01 	7.7901E-02 	2.2551E-03  
1.0826E-01 	7.6980E-02 	2.2465E-03  
1.0891E-01 	7.5381E-02 	2.2374E-03  
1.0956E-01 	7.3140E-02 	2.2347E-03  
1.1021E-01 	7.2590E-02 	2.2321E-03  
1.1087E-01 	7.1466E-02 	2.2273E-03  
1.1152E-01 	6.9289E-02 	2.2171E-03  
1.1217E-01 	6.9034E-02 	2.1943E-03  
1.1282E-01 	6.9901E-02 	2.1915E-03  
1.1348E-01 	7.1385E-02 	2.2175E-03  
1.1413E-01 	7.3567E-02 	2.2227E-03  
1.1478E-01 	7.2408E-02 	2.2025E-03  
1.1543E-01 	6.9654E-02 	2.1943E-03  
1.1608E-01 	6.7655E-02 	2.1873E-03  
1.1674E-01 	6.7651E-02 	2.1939E-03  
1.1739E-01 	6.7397E-02 	2.1795E-03  
1.1804E-01 	6.8820E-02 	2.1805E-03  
1.1869E-01 	6.5433E-02 	2.1595E-03  
1.1935E-01 	6.3478E-02 	2.1544E-03  
1.2000E-01 	6.6726E-02 	2.1629E-03  
1.2065E-01 	6.8436E-02 	2.1699E-03  
1.2130E-01 	6.3525E-02 	2.1520E-03  
1.2195E-01 	6.0841E-02 	2.1449E-03  
1.2261E-01 	6.0886E-02 	2.1414E-03  
1.2326E-01 	6.1736E-02 	2.1269E-03  
1.2391E-01 	6.1860E-02 	2.1244E-03  
1.2456E-01 	6.2763E-02 	2.1326E-03  
1.2521E-01 	6.2014E-02 	2.1236E-03  
1.2587E-01 	6.2210E-02 	2.1151E-03  
1.2652E-01 	6.0581E-02 	2.0972E-03  
1.2717E-01 	5.8853E-02 	2.0903E-03  
1.2782E-01 	5.8365E-02 	2.0900E-03  
1.2848E-01 	5.9552E-02 	2.0936E-03  
1.2913E-01 	6.0351E-02 	2.0998E-03  
1.2978E-01 	5.9873E-02 	2.1015E-03  
1.3043E-01 	6.0346E-02 	2.1048E-03  
1.3108E-01 	5.8876E-02 	2.0957E-03  
1.3174E-01 	6.1854E-02 	2.1161E-03  
1.3239E-01 	5.9196E-02 	2.0870E-03  
1.3304E-01 	5.8884E-02 	2.0919E-03  
1.3369E-01 	5.7040E-02 	2.0777E-03  
1.3434E-01 	5.5871E-02 	2.0851E-03  
1.3500E-01 	5.5604E-02 	2.0878E-03  
1.3565E-01 	5.4798E-02 	2.0715E-03  
1.3630E-01 	5.5884E-02 	2.0555E-03  
1.3695E-01 	5.7466E-02 	2.0799E-03  
1.3761E-01 	5.6534E-02 	2.0800E-03  
1.3826E-01 	5.4674E-02 	2.0717E-03  
1.3891E-01 	5.4108E-02 	2.0663E-03  
1.3956E-01 	5.4907E-02 	2.0553E-03  
1.4021E-01 	5.5201E-02 	2.0614E-03  
1.4087E-01 	5.3215E-02 	2.0432E-03  
1.4152E-01 	5.3107E-02 	2.0484E-03  
1.4217E-01 	5.3361E-02 	2.0334E-03  
1.4282E-01 	5.1457E-02 	2.0209E-03  
1.4347E-01 	5.0437E-02 	2.0297E-03  
1.4413E-01 	5.4692E-02 	2.0707E-03  
1.4478E-01 	5.2697E-02 	2.0741E-03  
1.4543E-01 	5.2856E-02 	2.0482E-03  
1.4608E-01 	5.2664E-02 	2.0414E-03  
1.4674E-01 	4.9814E-02 	2.0188E-03  
1.4739E-01 	4.9354E-02 	2.0227E-03  
1.4804E-01 	4.9549E-02 	2.0097E-03  
1.4869E-01 	4.9053E-02 	1.9878E-03  
1.4934E-01 	4.7108E-02 	1.9724E-03  
1.5000E-01 	4.8720E-02 	1.9888E-03  
1.5065E-01 	4.8337E-02 	2.0139E-03  
1.5130E-01 	4.7268E-02 	1.9985E-03  
1.5195E-01 	4.6233E-02 	1.9883E-03  
1.5260E-01 	4.6014E-02 	1.9866E-03  
1.5326E-01 	4.4014E-02 	1.9569E-03  
1.5391E-01 	4.6760E-02 	1.9691E-03  
1.5456E-01 	4.5469E-02 	1.9686E-03  
1.5521E-01 	4.4789E-02 	1.9648E-03  
1.5587E-01 	4.5927E-02 	1.9681E-03  
1.5652E-01 	4.6243E-02 	1.9511E-03  
1.5717E-01 	4.4170E-02 	1.9495E-03  
1.5782E-01 	4.3368E-02 	1.9451E-03  
1.5847E-01 	4.2770E-02 	1.9531E-03  
1.5913E-01 	4.1943E-02 	1.9650E-03  
1.5978E-01 	4.2749E-02 	1.9570E-03  
1.6043E-01 	4.0940E-02 	1.9334E-03  
1.6108E-01 	4.2137E-02 	1.9212E-03  
1.6173E-01 	4.2529E-02 	1.9435E-03  
1.6239E-01 	4.0803E-02 	1.9391E-03  
1.6304E-01 	4.0563E-02 	1.9399E-03  
1.6369E-01 	3.9963E-02 	1.9083E-03  
1.6434E-01 	3.9992E-02 	1.9259E-03  
1.6500E-01 	3.9940E-02 	1.9164E-03  
1.6565E-01 	3.8294E-02 	1.9079E-03  
1.6630E-01 	3.9684E-02 	1.9059E-03  
1.6695E-01 	3.8719E-02 	1.9059E-03  
1.6760E-01 	3.9469E-02 	1.9132E-03  
1.6826E-01 	3.8964E-02 	1.9159E-03  
1.6891E-01 	3.5213E-02 	1.8974E-03  
1.6956E-01 	3.7858E-02 	1.9033E-03  
1.7021E-01 	3.9342E-02 	1.9111E-03  
1.7086E-01 	3.9376E-02 	1.9077E-03  
1.7152E-01 	3.8568E-02 	1.9094E-03  
1.7217E-01 	3.6556E-02 	1.9068E-03  
1.7282E-01 	3.7111E-02 	1.9018E-03  
1.7347E-01 	3.6527E-02 	1.8908E-03  
1.7413E-01 	3.6688E-02 	1.8899E-03  
1.7478E-01 	3.5946E-02 	1.8736E-03  
1.7543E-01 	3.4788E-02 	1.8693E-03  
1.7608E-01 	3.5777E-02 	1.8658E-03  
1.7674E-01 	3.5562E-02 	1.8648E-03  
1.7739E-01 	3.5743E-02 	1.8897E-03  
1.7804E-01 	3.6445E-02 	1.8768E-03  
1.7869E-01 	3.5071E-02 	1.8755E-03  
1.7934E-01 	3.4587E-02 	1.8537E-03  
1.7999E-01 	3.4083E-02 	1.8556E-03  
1.8065E-01 	3.3245E-02 	1.8451E-03  
1.8130E-01 	3.2274E-02 	1.8393E-03  
1.8195E-01 	3.3005E-02 	1.8585E-03  
1.8260E-01 	3.3384E-02 	1.8704E-03  
1.8326E-01 	3.2847E-02 	1.8545E-03  
1.8391E-01 	3.2385E-02 	1.8452E-03  
1.8456E-01 	3.2255E-02 	1.8252E-03  
1.8521E-01 	3.0736E-02 	1.8096E-03  
1.8587E-01 	3.0564E-02 	1.8022E-03  
1.8652E-01 	3.0946E-02 	1.8130E-03  
1.8717E-01 	3.1235E-02 	1.8315E-03  
1.8782E-01 	3.0634E-02 	1.8116E-03  
1.8847E-01 	2.9868E-02 	1.8169E-03  
1.8913E-01 	3.0381E-02 	1.8180E-03  
1.8978E-01 	3.0241E-02 	1.8215E-03  
1.9043E-01 	2.9622E-02 	1.8121E-03  
1.9108E-01 	2.7183E-02 	1.7952E-03  
1.9173E-01 	2.5586E-02 	1.7856E-03  
1.9239E-01 	2.6981E-02 	1.7910E-03  
1.9304E-01 	2.8601E-02 	1.8020E-03  
1.9369E-01 	2.9701E-02 	1.8108E-03  
1.9434E-01 	3.0231E-02 	1.7998E-03  
1.9500E-01 	2.9016E-02 	1.7902E-03  
1.9565E-01 	2.8620E-02 	1.8008E-03  
1.9630E-01 	2.6001E-02 	1.8079E-03  
1.9695E-01 	2.4464E-02 	1.7917E-03  
1.9760E-01 	2.4790E-02 	1.7796E-03  
1.9826E-01 	2.6554E-02 	1.7882E-03  
1.9891E-01 	2.6268E-02 	1.8000E-03  
1.9956E-01 	2.6251E-02 	1.7903E-03  
2.0021E-01 	2.6019E-02 	1.7731E-03  
2.0086E-01 	2.6247E-02 	1.7909E-03  
2.0152E-01 	2.6078E-02 	1.7884E-03  
2.0217E-01 	2.5798E-02 	1.7806E-03  
2.0282E-01 	2.3870E-02 	1.7597E-03  
2.0347E-01 	2.4329E-02 	1.7556E-03  
2.0413E-01 	2.3981E-02 	1.7529E-03  
2.0478E-01 	2.3240E-02 	1.7440E-03  
2.0543E-01 	2.2178E-02 	1.7427E-03  
2.0608E-01 	2.5254E-02 	1.7693E-03  
2.0673E-01 	2.6394E-02 	1.7782E-03  
2.0739E-01 	2.5543E-02 	1.7850E-03  
2.0804E-01 	2.3647E-02 	1.7760E-03  
2.0869E-01 	2.2993E-02 	1.7644E-03  
2.0934E-01 	2.2973E-02 	1.7504E-03  
2.0999E-01 	2.2483E-02 	1.7486E-03  
2.1065E-01 	2.3111E-02 	1.7449E-03  
2.1130E-01 	2.2383E-02 	1.7329E-03  
2.1195E-01 	2.3369E-02 	1.7437E-03  
2.1260E-01 	2.4218E-02 	1.7582E-03  
2.1326E-01 	2.2372E-02 	1.7598E-03  
2.1391E-01 	1.9956E-02 	1.7338E-03  
2.1456E-01 	2.1627E-02 	1.7273E-03  
2.1521E-01 	2.0329E-02 	1.7151E-03  
2.1586E-01 	1.8601E-02 	1.7063E-03  
2.1652E-01 	1.7468E-02 	1.7049E-03  
2.1717E-01 	2.1119E-02 	1.7050E-03  
2.1782E-01 	2.0338E-02 	1.7023E-03  
2.1847E-01 	1.9969E-02 	1.7127E-03  
2.1912E-01 	1.9806E-02 	1.7144E-03  
2.1978E-01 	1.9709E-02 	1.7116E-03  
2.2043E-01 	2.0372E-02 	1.7098E-03  
2.2108E-01 	1.9693E-02 	1.7090E-03  
2.2173E-01 	1.9797E-02 	1.7119E-03  
2.2239E-01 	1.8476E-02 	1.7077E-03  
2.2304E-01 	1.9129E-02 	1.7100E-03  
2.2369E-01 	1.8724E-02 	1.7059E-03  
2.2434E-01 	1.9110E-02 	1.7069E-03  
2.2499E-01 	1.8491E-02 	1.7178E-03  
2.2565E-01 	1.8182E-02 	1.7103E-03  
2.2630E-01 	1.7863E-02 	1.7069E-03  
2.2695E-01 	1.7731E-02 	1.6909E-03  
2.2760E-01 	1.8411E-02 	1.6822E-03  
2.2826E-01 	1.7956E-02 	1.6950E-03  
2.2891E-01 	1.7381E-02 	1.6962E-03  
2.2956E-01 	1.8056E-02 	1.7041E-03  
2.3021E-01 	1.6312E-02 	1.6908E-03  
2.3086E-01 	1.6863E-02 	1.6821E-03  
2.3152E-01 	1.7295E-02 	1.6835E-03  
2.3217E-01 	1.7049E-02 	1.6839E-03  
2.3282E-01 	1.6921E-02 	1.6722E-03  
2.3347E-01 	1.7179E-02 	1.6786E-03  
2.3412E-01 	1.7099E-02 	1.6740E-03  
2.3478E-01 	1.6254E-02 	1.6705E-03  
2.3543E-01 	1.5586E-02 	1.6695E-03  
2.3608E-01 	1.6017E-02 	1.6556E-03  
2.3673E-01 	1.8006E-02 	1.6780E-03  
2.3739E-01 	1.7119E-02 	1.6833E-03  
2.3804E-01 	1.5370E-02 	1.7023E-03  
2.3869E-01 	1.4495E-02 	1.6756E-03  
2.3934E-01 	1.5100E-02 	1.6844E-03  
2.3999E-01 	1.5659E-02 	1.6721E-03  
2.4065E-01 	1.4210E-02 	1.6581E-03  
2.4130E-01 	1.4203E-02 	1.6624E-03  
2.4195E-01 	1.5166E-02 	1.6565E-03  
2.4260E-01 	1.5093E-02 	1.6463E-03  
2.4325E-01 	1.3794E-02 	1.6555E-03  
2.4391E-01 	1.4679E-02 	1.6782E-03  
2.4456E-01 	1.4638E-02 	1.6562E-03  
2.4521E-01 	1.4974E-02 	1.6404E-03  
2.4586E-01 	1.3600E-02 	1.6258E-03  
2.4652E-01 	1.3508E-02 	1.6285E-03  
2.4717E-01 	1.3179E-02 	1.6317E-03  
2.4782E-01 	1.3135E-02 	1.6178E-03  
2.4847E-01 	1.3541E-02 	1.6216E-03  
2.4912E-01 	1.3330E-02 	1.6328E-03  
2.4978E-01 	1.2344E-02 	1.6320E-03  
2.5043E-01 	1.3320E-02 	1.6354E-03  
2.5108E-01 	1.4478E-02 	1.6253E-03  
2.5173E-01 	1.2496E-02 	1.6382E-03  
2.5239E-01 	1.2748E-02 	1.6299E-03  
2.5304E-01 	1.3663E-02 	1.6376E-03  
2.5369E-01 	1.3612E-02 	1.6481E-03  
2.5434E-01 	1.2513E-02 	1.6408E-03  
2.5499E-01 	1.1969E-02 	1.6284E-03  
2.5565E-01 	1.2756E-02 	1.6118E-03  
2.5630E-01 	1.3881E-02 	1.6349E-03  
2.5695E-01 	1.2261E-02 	1.6385E-03  
2.5760E-01 	1.2058E-02 	1.6242E-03  
2.5825E-01 	1.1846E-02 	1.6439E-03  
2.5891E-01 	1.1780E-02 	1.6395E-03  
2.5956E-01 	1.1164E-02 	1.6360E-03  
2.6021E-01 	1.2045E-02 	1.6180E-03  
2.6086E-01 	1.2879E-02 	1.6098E-03  
2.6151E-01 	1.1356E-02 	1.6147E-03  
2.6217E-01 	1.0963E-02 	1.6162E-03  
2.6282E-01 	1.1649E-02 	1.6331E-03  
2.6347E-01 	1.1505E-02 	1.6310E-03  
2.6412E-01 	1.1000E-02 	1.6320E-03  
2.6478E-01 	1.1508E-02 	1.6183E-03  
2.6543E-01 	1.0468E-02 	1.6121E-03  
2.6608E-01 	1.0316E-02 	1.6051E-03  
2.6673E-01 	1.0742E-02 	1.5995E-03  
2.6738E-01 	1.1951E-02 	1.5944E-03  
2.6804E-01 	1.2278E-02 	1.6441E-03  
2.6869E-01 	9.4032E-03 	1.6310E-03  
2.6934E-01 	9.3571E-03 	1.6148E-03  
2.6999E-01 	1.0941E-02 	1.6057E-03  
2.7065E-01 	1.0087E-02 	1.6012E-03  
2.7130E-01 	8.9063E-03 	1.5800E-03  
2.7195E-01 	1.0844E-02 	1.5787E-03  
2.7260E-01 	9.8391E-03 	1.5772E-03  
2.7325E-01 	9.2100E-03 	1.5948E-03  
2.7391E-01 	9.6974E-03 	1.6015E-03  
2.7456E-01 	9.4623E-03 	1.5943E-03  
2.7521E-01 	1.0808E-02 	1.5945E-03  
2.7586E-01 	1.0728E-02 	1.5943E-03  
2.7652E-01 	9.0539E-03 	1.5801E-03  
2.7717E-01 	9.8272E-03 	1.5799E-03  
2.7782E-01 	9.5196E-03 	1.5644E-03  
2.7847E-01 	1.0152E-02 	1.5713E-03  
2.7912E-01 	9.3182E-03 	1.5670E-03  
2.7977E-01 	9.3264E-03 	1.5711E-03  
2.8043E-01 	9.3175E-03 	1.5704E-03  
2.8108E-01 	1.0010E-02 	1.5848E-03  
2.8173E-01 	9.4570E-03 	1.5826E-03  
2.8238E-01 	7.7880E-03 	1.5722E-03  
2.8304E-01 	8.4211E-03 	1.5694E-03  
2.8369E-01 	9.5439E-03 	1.5645E-03  
2.8434E-01 	8.9590E-03 	1.5679E-03  
2.8499E-01 	8.3700E-03 	1.5730E-03  
2.8564E-01 	7.9973E-03 	1.5619E-03  
2.8630E-01 	8.8220E-03 	1.5623E-03  
2.8695E-01 	9.3559E-03 	1.5719E-03  
2.8760E-01 	8.0601E-03 	1.5848E-03  
2.8825E-01 	7.6044E-03 	1.5768E-03  
2.8891E-01 	6.8260E-03 	1.5696E-03  
2.8956E-01 	8.2069E-03 	1.5798E-03  
2.9021E-01 	7.8154E-03 	1.5795E-03  
2.9086E-01 	7.7922E-03 	1.5883E-03  
2.9151E-01 	7.2329E-03 	1.5859E-03  
2.9217E-01 	9.4673E-03 	1.5853E-03  
2.9282E-01 	8.7763E-03 	1.5710E-03  
2.9347E-01 	8.1812E-03 	1.5675E-03  
2.9412E-01 	7.9967E-03 	1.5665E-03  
2.9478E-01 	8.7494E-03 	1.5765E-03  
2.9543E-01 	7.1067E-03 	1.5822E-03  
2.9608E-01 	5.9023E-03 	1.5659E-03  
2.9673E-01 	7.2546E-03 	1.5606E-03  
2.9738E-01 	9.2799E-03 	1.5607E-03  
2.9804E-01 	8.8130E-03 	1.5672E-03  
2.9869E-01 	7.4030E-03 	1.5692E-03  
2.9934E-01 	8.3293E-03 	1.5589E-03  
2.9999E-01 	7.8670E-03 	1.5665E-03  
3.0064E-01 	7.4578E-03 	1.5661E-03  
3.0130E-01 	6.6287E-03 	1.5704E-03  
3.0195E-01 	6.3693E-03 	1.5639E-03  
3.0260E-01 	5.4012E-03 	1.5501E-03  
3.0325E-01 	6.5072E-03 	1.5345E-03  
3.0390E-01 	6.5617E-03 	1.5455E-03  
3.0456E-01 	8.2714E-03 	1.5786E-03  
3.0521E-01 	7.3575E-03 	1.5572E-03  
3.0586E-01 	8.8856E-03 	1.5291E-03  
3.0651E-01 	8.3781E-03 	1.5482E-03  
3.0717E-01 	7.5742E-03 	1.5582E-03  
3.0782E-01 	8.2001E-03 	1.5421E-03  
3.0847E-01 	7.9441E-03 	1.5445E-03  
3.0912E-01 	7.6093E-03 	1.5455E-03  
3.0978E-01 	6.6440E-03 	1.5459E-03  
3.1043E-01 	6.2369E-03 	1.5350E-03  
3.1108E-01 	7.1615E-03 	1.5464E-03  
3.1173E-01 	6.9738E-03 	1.5434E-03  
3.1238E-01 	5.9661E-03 	1.5503E-03  
3.1304E-01 	5.8627E-03 	1.5463E-03  
3.1369E-01 	6.2400E-03 	1.5496E-03  
3.1434E-01 	6.5923E-03 	1.5513E-03  
3.1499E-01 	6.6280E-03 	1.5582E-03  
3.1564E-01 	5.0949E-03 	1.5611E-03  
3.1630E-01 	5.7264E-03 	1.5347E-03  
3.1695E-01 	5.4213E-03 	1.5206E-03  
3.1760E-01 	5.5679E-03 	1.5317E-03  
3.1825E-01 	4.9704E-03 	1.5180E-03  
3.1890E-01 	3.6133E-03 	1.5213E-03  
3.1956E-01 	3.5762E-03 	1.5390E-03  
3.2021E-01 	4.2416E-03 	1.5538E-03  
3.2086E-01 	4.6069E-03 	1.5549E-03  
3.2151E-01 	5.5527E-03 	1.5578E-03  
3.2217E-01 	5.1281E-03 	1.5543E-03  
3.2282E-01 	6.4679E-03 	1.5588E-03  
3.2347E-01 	6.2541E-03 	1.5386E-03  
3.2412E-01 	4.9716E-03 	1.5438E-03  
3.2477E-01 	6.1585E-03 	1.5394E-03  
3.2543E-01 	6.0654E-03 	1.5357E-03  
3.2608E-01 	5.6209E-03 	1.5423E-03  
3.2673E-01 	5.4201E-03 	1.5596E-03  
3.2738E-01 	5.9200E-03 	1.5542E-03  
3.2804E-01 	6.3041E-03 	1.5352E-03  
3.2869E-01 	5.2288E-03 	1.5353E-03  
3.2934E-01 	4.9436E-03 	1.5398E-03  
3.2999E-01 	5.2056E-03 	1.5231E-03  
3.3064E-01 	4.6497E-03 	1.5305E-03  
3.3130E-01 	4.3979E-03 	1.5313E-03  
3.3195E-01 	5.7920E-03 	1.5242E-03  
3.3260E-01 	4.9787E-03 	1.5125E-03  
3.3325E-01 	6.7955E-03 	1.5395E-03  
3.3390E-01 	8.5211E-03 	1.5375E-03  
3.3456E-01 	6.7725E-03 	1.5148E-03  
3.3521E-01 	5.7408E-03 	1.5052E-03  
3.3586E-01 	5.0463E-03 	1.5069E-03  
3.3651E-01 	4.5867E-03 	1.5180E-03  
3.3716E-01 	4.1480E-03 	1.5270E-03  
3.3782E-01 	3.6291E-03 	1.5250E-03  
3.3847E-01 	4.4342E-03 	1.5125E-03  
3.3912E-01 	5.5004E-03 	1.5184E-03  
3.3977E-01 	6.2090E-03 	1.5226E-03  
3.4043E-01 	4.9682E-03 	1.5215E-03  
3.4108E-01 	5.0361E-03 	1.5179E-03  
3.4173E-01 	6.1479E-03 	1.5395E-03  
3.4238E-01 	5.6191E-03 	1.5128E-03  
3.4303E-01 	5.0572E-03 	1.5157E-03  
3.4369E-01 	5.5864E-03 	1.5179E-03  
3.4434E-01 	4.3309E-03 	1.5104E-03  
3.4499E-01 	5.7290E-03 	1.5242E-03  
3.4564E-01 	5.0393E-03 	1.5254E-03  
3.4630E-01 	5.2520E-03 	1.5281E-03  
3.4695E-01 	4.0182E-03 	1.5237E-03  
3.4760E-01 	5.5132E-03 	1.5270E-03  
3.4825E-01 	5.0777E-03 	1.5331E-03  
3.4890E-01 	4.7173E-03 	1.5303E-03  
3.4956E-01 	3.5692E-03 	1.5249E-03  
3.5021E-01 	4.7249E-03 	1.5264E-03  
3.5086E-01 	4.5256E-03 	1.5198E-03  
3.5151E-01 	4.4936E-03 	1.5247E-03  
3.5217E-01 	5.7527E-03 	1.5321E-03  
3.5282E-01 	6.1652E-03 	1.5271E-03  
3.5347E-01 	4.8754E-03 	1.5362E-03  
3.5412E-01 	4.8863E-03 	1.5403E-03  
3.5477E-01 	3.1760E-03 	1.5313E-03  
3.5543E-01 	3.3361E-03 	1.5292E-03  
3.5608E-01 	4.3416E-03 	1.5326E-03  
3.5673E-01 	5.1770E-03 	1.5452E-03  
3.5738E-01 	4.7648E-03 	1.5454E-03  
3.5803E-01 	3.5169E-03 	1.5284E-03  
3.5869E-01 	4.5436E-03 	1.5245E-03  
3.5934E-01 	4.2990E-03 	1.5198E-03  
3.5999E-01 	2.5486E-03 	1.5252E-03  
3.6064E-01 	3.9111E-03 	1.5205E-03  
3.6129E-01 	4.6269E-03 	1.5381E-03  
3.6195E-01 	5.3500E-03 	1.5197E-03  
3.6260E-01 	3.1690E-03 	1.5170E-03  
3.6325E-01 	3.3496E-03 	1.5194E-03  
3.6390E-01 	3.3210E-03 	1.5125E-03  
3.6456E-01 	4.0771E-03 	1.5093E-03  
3.6521E-01 	4.7623E-03 	1.5203E-03  
3.6586E-01 	5.0943E-03 	1.5277E-03  
3.6651E-01 	4.6735E-03 	1.5064E-03  
3.6716E-01 	4.8859E-03 	1.5174E-03  
3.6782E-01 	3.7667E-03 	1.5226E-03  
3.6847E-01 	4.2394E-03 	1.5062E-03  
3.6912E-01 	2.4763E-03 	1.4986E-03  
3.6977E-01 	4.3300E-03 	1.5015E-03  
3.7043E-01 	3.5505E-03 	1.5035E-03  
3.7108E-01 	2.8945E-03 	1.4884E-03  
3.7173E-01 	2.8840E-03 	1.4857E-03  
3.7238E-01 	3.6887E-03 	1.5030E-03  
3.7303E-01 	2.7654E-03 	1.5054E-03  
3.7369E-01 	3.6540E-03 	1.4951E-03  
3.7434E-01 	3.1874E-03 	1.5013E-03  
3.7499E-01 	3.9094E-03 	1.4923E-03  
3.7564E-01 	3.5523E-03 	1.5007E-03  
3.7629E-01 	3.1424E-03 	1.5085E-03  
3.7695E-01 	2.6668E-03 	1.4838E-03  
3.7760E-01 	3.5943E-03 	1.4910E-03  
3.7825E-01 	4.8280E-03 	1.5159E-03  
3.7890E-01 	4.6761E-03 	1.5235E-03  
3.7955E-01 	5.3548E-03 	1.5260E-03  
3.8021E-01 	5.2596E-03 	1.5188E-03  
3.8086E-01 	5.3286E-03 	1.5103E-03  
3.8151E-01 	3.8067E-03 	1.5002E-03  
3.8216E-01 	4.1733E-03 	1.5209E-03  
3.8282E-01 	4.5671E-03 	1.5366E-03  
3.8347E-01 	4.2559E-03 	1.5319E-03  
3.8412E-01 	3.5163E-03 	1.5422E-03  
3.8477E-01 	3.0957E-03 	1.5272E-03  
3.8543E-01 	3.6798E-03 	1.5080E-03  
3.8608E-01 	3.4090E-03 	1.5026E-03  
3.8673E-01 	3.1250E-03 	1.5180E-03  
3.8738E-01 	3.2115E-03 	1.5162E-03  
3.8803E-01 	2.6707E-03 	1.5251E-03  
3.8869E-01 	2.5461E-03 	1.5217E-03  
3.8934E-01 	4.3682E-03 	1.5327E-03  
3.8999E-01 	2.8185E-03 	1.5394E-03  
3.9064E-01 	2.4566E-03 	1.5302E-03  
3.9129E-01 	2.2412E-03 	1.5143E-03  
3.9195E-01 	2.3383E-03 	1.5082E-03  
3.9260E-01 	1.9689E-03 	1.5192E-03  
3.9325E-01 	5.1847E-03 	1.5362E-03  
3.9390E-01 	4.3529E-03 	1.5404E-03  
3.9455E-01 	2.0459E-03 	1.5506E-03  
3.9521E-01 	1.2214E-03 	1.5305E-03  
3.9586E-01 	1.5671E-03 	1.5092E-03  
3.9651E-01 	3.2640E-03 	1.5024E-03  
3.9716E-01 	4.8865E-03 	1.4935E-03  
3.9782E-01 	4.7917E-03 	1.4895E-03  
3.9847E-01 	3.3378E-03 	1.4895E-03  
3.9912E-01 	3.3254E-03 	1.4941E-03  
3.9977E-01 	3.3472E-03 	1.4857E-03  
4.0042E-01 	3.5742E-03 	1.5030E-03  
4.0108E-01 	4.0974E-03 	1.5006E-03  
4.0173E-01 	3.8920E-03 	1.4902E-03  
4.0238E-01 	3.6333E-03 	1.4886E-03  
4.0303E-01 	4.0920E-03 	1.5015E-03  
4.0369E-01 	3.2809E-03 	1.4987E-03  
4.0434E-01 	2.4600E-03 	1.5096E-03  
4.0499E-01 	2.8124E-03 	1.5162E-03  
4.0564E-01 	2.5503E-03 	1.5167E-03  
4.0629E-01 	2.2445E-03 	1.5177E-03  
4.0695E-01 	2.1686E-03 	1.5256E-03  
4.0760E-01 	2.3597E-03 	1.5106E-03  
4.0825E-01 	3.4065E-03 	1.5039E-03  
4.0890E-01 	3.0595E-03 	1.5195E-03  
4.0956E-01 	2.7583E-03 	1.5232E-03  
4.1021E-01 	3.1698E-03 	1.5052E-03  
4.1086E-01 	3.2393E-03 	1.5042E-03  
4.1151E-01 	3.3344E-03 	1.5047E-03  
4.1216E-01 	4.5756E-03 	1.5122E-03  
4.1281E-01 	4.5321E-03 	1.5311E-03  
4.1347E-01 	4.1083E-03 	1.5297E-03  
4.1412E-01 	5.2354E-03 	1.5216E-03  
4.1477E-01 	4.3395E-03 	1.5332E-03  
4.1542E-01 	2.8078E-03 	1.5348E-03  
4.1608E-01 	3.6924E-03 	1.5246E-03  
4.1673E-01 	4.8328E-03 	1.5283E-03  
4.1738E-01 	3.4929E-03 	1.5358E-03  
4.1803E-01 	2.1333E-03 	1.5244E-03  
4.1868E-01 	2.4026E-03 	1.5249E-03  
4.1934E-01 	4.9861E-03 	1.5383E-03  
4.1999E-01 	4.5895E-03 	1.5254E-03  
4.2064E-01 	3.2620E-03 	1.5180E-03  
4.2129E-01 	3.3339E-03 	1.5070E-03  
4.2195E-01 	3.6241E-03 	1.5008E-03  
4.2260E-01 	3.5111E-03 	1.5237E-03  
4.2325E-01 	2.0526E-03 	1.5354E-03  
4.2390E-01 	2.4603E-03 	1.5368E-03  
4.2455E-01 	3.1449E-03 	1.5190E-03  
4.2521E-01 	5.6169E-03 	1.5306E-03  
4.2586E-01 	4.7704E-03 	1.5189E-03  
4.2651E-01 	4.2747E-03 	1.5074E-03  
4.2716E-01 	3.1153E-03 	1.4866E-03  
4.2782E-01 	4.0639E-03 	1.5059E-03  
4.2847E-01 	2.9547E-03 	1.5165E-03  
4.2912E-01 	2.6772E-03 	1.5238E-03  
4.2977E-01 	3.2560E-03 	1.5154E-03  
4.3042E-01 	3.0471E-03 	1.5041E-03  
4.3108E-01 	1.9129E-03 	1.4952E-03  
4.3173E-01 	2.1381E-03 	1.4869E-03  
4.3238E-01 	2.8365E-03 	1.4850E-03  
4.3303E-01 	2.6907E-03 	1.4901E-03  
4.3368E-01 	3.4582E-03 	1.4936E-03  
4.3434E-01 	3.5243E-03 	1.4970E-03  
4.3499E-01 	2.6882E-03 	1.5050E-03  
4.3564E-01 	2.5191E-03 	1.5010E-03  
4.3629E-01 	4.2010E-03 	1.5071E-03  
4.3694E-01 	2.7162E-03 	1.5109E-03  
4.3760E-01 	3.1124E-03 	1.5136E-03  
4.3825E-01 	2.6555E-03 	1.5128E-03  
4.3890E-01 	3.3275E-03 	1.5229E-03  
4.3955E-01 	1.8683E-03 	1.5079E-03  
4.4021E-01 	3.0289E-03 	1.5304E-03  
4.4086E-01 	3.1505E-03 	1.5166E-03  
4.4151E-01 	3.5881E-03 	1.5306E-03  
4.4216E-01 	3.2494E-03 	1.5241E-03  
4.4282E-01 	3.0121E-03 	1.5261E-03  
4.4347E-01 	3.5805E-03 	1.5435E-03  
4.4412E-01 	3.9018E-03 	1.5337E-03  
4.4477E-01 	2.5390E-03 	1.5244E-03  
4.4542E-01 	2.1055E-03 	1.5334E-03  
4.4608E-01 	2.6807E-03 	1.5225E-03  
4.4673E-01 	4.0912E-03 	1.5219E-03  
4.4738E-01 	3.7915E-03 	1.5251E-03  
4.4803E-01 	2.7788E-03 	1.5262E-03  
4.4868E-01 	1.7749E-03 	1.5425E-03  
4.4934E-01 	3.3812E-03 	1.5428E-03  
4.4999E-01 	3.5047E-03 	1.5431E-03  
4.5064E-01 	2.9332E-03 	1.5413E-03  
4.5129E-01 	2.2570E-03 	1.5393E-03  
4.5194E-01 	1.7251E-03 	1.5292E-03  
4.5260E-01 	3.2306E-03 	1.5332E-03  
4.5325E-01 	3.6324E-03 	1.5401E-03  
4.5390E-01 	4.1121E-03 	1.5421E-03  
4.5455E-01 	2.8610E-03 	1.5237E-03  
4.5521E-01 	1.7156E-03 	1.5221E-03  
4.5586E-01 	2.7228E-03 	1.5147E-03  
4.5651E-01 	3.6003E-03 	1.5177E-03  
4.5716E-01 	3.1694E-03 	1.5135E-03  
4.5781E-01 	2.9308E-03 	1.5022E-03  
4.5847E-01 	3.2265E-03 	1.5059E-03  
4.5912E-01 	3.1675E-03 	1.4999E-03  
4.5977E-01 	1.0366E-03 	1.5061E-03  
4.6042E-01 	1.8769E-03 	1.5127E-03  
4.6108E-01 	2.1040E-03 	1.5080E-03  
4.6173E-01 	1.9822E-03 	1.4987E-03  
4.6238E-01 	1.7507E-03 	1.4976E-03  
4.6303E-01 	1.7330E-03 	1.4990E-03  
4.6368E-01 	3.7675E-03 	1.5200E-03  
4.6434E-01 	2.6640E-03 	1.5188E-03  
4.6499E-01 	2.1677E-03 	1.5207E-03  
4.6564E-01 	1.3747E-03 	1.5215E-03  
4.6629E-01 	2.5013E-03 	1.5190E-03  
4.6694E-01 	2.7975E-03 	1.5147E-03  
4.6760E-01 	1.6765E-03 	1.5264E-03  
4.6825E-01 	2.1950E-03 	1.5275E-03  
4.6890E-01 	2.5959E-03 	1.5292E-03  
4.6955E-01 	4.1138E-03 	1.5370E-03  
4.7020E-01 	3.9739E-03 	1.5218E-03  
4.7086E-01 	2.5847E-03 	1.5171E-03  
4.7151E-01 	2.4956E-03 	1.5119E-03  
4.7216E-01 	4.8967E-03 	1.5215E-03  
4.7281E-01 	4.0104E-03 	1.5279E-03  
4.7347E-01 	3.3498E-03 	1.5252E-03  
4.7412E-01 	1.7356E-03 	1.5213E-03  
4.7477E-01 	4.2573E-03 	1.5462E-03  
4.7542E-01 	3.9239E-03 	1.5444E-03  
4.7608E-01 	2.8678E-03 	1.5285E-03  
4.7673E-01 	1.8931E-03 	1.5388E-03  
4.7738E-01 	2.2644E-03 	1.5383E-03  
4.7803E-01 	2.7193E-03 	1.5402E-03  
4.7868E-01 	2.4373E-03 	1.5473E-03  
4.7934E-01 	2.2313E-03 	1.5374E-03  
4.7999E-01 	2.7204E-03 	1.5492E-03  
4.8064E-01 	2.7647E-03 	1.5444E-03  
4.8129E-01 	3.3312E-03 	1.5530E-03  
4.8194E-01 	2.2311E-03 	1.5453E-03  
4.8260E-01 	2.5124E-03 	1.5198E-03  
4.8325E-01 	2.3902E-03 	1.5428E-03  
4.8390E-01 	1.2965E-03 	1.5397E-03  
4.8455E-01 	4.2206E-03 	1.5546E-03  
4.8520E-01 	4.3081E-03 	1.5340E-03  
4.8586E-01 	5.0650E-03 	1.5207E-03  
4.8651E-01 	2.5182E-03 	1.5137E-03  
4.8716E-01 	1.8531E-03 	1.5216E-03  
4.8781E-01 	2.4313E-03 	1.5201E-03  
4.8847E-01 	2.5411E-03 	1.5187E-03  
4.8912E-01 	1.7693E-03 	1.5172E-03  
4.8977E-01 	1.3029E-03 	1.5276E-03  
4.9042E-01 	6.0866E-04 	1.5083E-03  
4.9107E-01 	1.2517E-03 	1.5084E-03  
4.9173E-01 	2.5906E-03 	1.5211E-03  
4.9238E-01 	2.2209E-03 	1.5045E-03  
4.9303E-01 	1.4291E-03 	1.4876E-03  
4.9368E-01 	2.4461E-03 	1.5187E-03  
4.9434E-01 	2.4768E-03 	1.5224E-03  
4.9499E-01 	1.6777E-03 	1.5229E-03  
4.9564E-01 	2.1653E-03 	1.5255E-03  
4.9629E-01 	2.8283E-03 	1.5119E-03  
4.9694E-01 	3.2946E-03 	1.5217E-03  
4.9760E-01 	3.6755E-03 	1.5203E-03  
4.9825E-01 	2.6713E-03 	1.5317E-03  
4.9890E-01 	2.7115E-03 	1.5211E-03  
4.9955E-01 	3.3883E-03 	1.5318E-03  
5.0021E-01 	4.4106E-03 	1.5278E-03  
5.0086E-01 	2.8161E-03 	1.5185E-03  
5.0151E-01 	2.6938E-03 	1.5309E-03  
5.0216E-01 	3.2835E-03 	1.5219E-03  
5.0281E-01 	4.3879E-03 	1.5055E-03  
5.0347E-01 	3.2973E-03 	1.5317E-03  
5.0412E-01 	4.2980E-03 	1.5285E-03  
5.0477E-01 	4.4696E-03 	1.5364E-03  
5.0542E-01 	4.3944E-03 	1.5479E-03  
5.0607E-01 	2.8522E-03 	1.5574E-03  
5.0673E-01 	3.0387E-03 	1.5344E-03  
5.0738E-01 	2.6356E-03 	1.5357E-03  
5.0803E-01 	3.8723E-03 	1.5544E-03  
5.0868E-01 	1.8654E-03 	1.5493E-03  
5.0933E-01 	2.2039E-03 	1.5556E-03  
5.0999E-01 	2.3559E-03 	1.5491E-03  
5.1064E-01 	3.6226E-03 	1.5459E-03  
5.1129E-01 	4.0564E-03 	1.5510E-03  
5.1194E-01 	3.7076E-03 	1.5499E-03  
5.1260E-01 	2.4767E-03 	1.5660E-03  
5.1325E-01 	3.6736E-03 	1.5708E-03  
5.1390E-01 	2.9485E-03 	1.5551E-03  
5.1455E-01 	1.4448E-03 	1.5551E-03  
5.1520E-01 	6.4205E-04 	1.5447E-03  
5.1586E-01 	2.4115E-03 	1.5535E-03  
5.1651E-01 	3.5475E-03 	1.5380E-03  
5.1716E-01 	2.5819E-03 	1.5349E-03  
5.1781E-01 	1.4977E-03 	1.5300E-03  
5.1846E-01 	1.7053E-03 	1.5441E-03  
5.1912E-01 	3.3402E-03 	1.5239E-03  
5.1977E-01 	3.2439E-03 	1.5405E-03  
5.2042E-01 	2.3577E-03 	1.5540E-03  
5.2107E-01 	1.6018E-03 	1.5334E-03  
5.2173E-01 	1.9224E-03 	1.5298E-03  
5.2238E-01 	1.8631E-03 	1.5256E-03  
5.2303E-01 	2.8747E-03 	1.5335E-03  
5.2368E-01 	3.6943E-03 	1.5330E-03  
5.2433E-01 	4.1029E-03 	1.5338E-03  
5.2499E-01 	3.8235E-03 	1.5242E-03  
5.2564E-01 	1.8917E-03 	1.5185E-03  
5.2629E-01 	1.8626E-03 	1.5191E-03  
5.2694E-01 	2.0257E-03 	1.5307E-03  
5.2760E-01 	3.9321E-03 	1.5202E-03  
5.2825E-01 	3.3404E-03 	1.5383E-03  
5.2890E-01 	3.3098E-03 	1.5373E-03  
5.2955E-01 	2.9041E-03 	1.5379E-03  
5.3020E-01 	2.7091E-03 	1.5369E-03  
5.3086E-01 	2.7039E-03 	1.5398E-03  
5.3151E-01 	1.5971E-03 	1.5315E-03  
5.3216E-01 	2.4906E-03 	1.5325E-03  
5.3281E-01 	3.6900E-03 	1.5398E-03  
5.3346E-01 	3.7597E-03 	1.5506E-03  
5.3412E-01 	2.8669E-03 	1.5540E-03  
5.3477E-01 	2.4151E-03 	1.5562E-03  
