# Fit of experimental SAXS data to model data
# Fri, 27 Apr 2012, 05:48 PM
#
# Data file: Mb_diff_bcor.pdh
# Model file: 1ymbCrysol.txt
# Q-range for fitting: 0.025--0.381668704507
# Beam-length smearing profile:  Sigmoidal; a = 54.8325 ; b = 0.0344033
# Detector slit length = 0.154053
# Beam half-width = 0
#
# Background intensity allowed to float 
#
# Hard-sphere structure factor incorporated 
#
# Model name 	Red Chi^2  	Scale    	Bkgd offset  	Struct fact phi 	Struct fact r 
#1ymb_crysol	1.33     	3.85e-07 	-0.0213  	0.137 +/- 0.0007  	18.576 +/-  0.092
#
Q_exp      	I_exp      	Error       	q_1ymb_crysol	I_1ymb_crysol 
-1.9565E-03	3.9869E-02 	6.8277E-03  	0.0000E+00 	5.6387E-01  
-1.3043E-03	4.0930E-02 	8.9210E-03  	1.0000E-02 	5.6234E-01  
-6.5216E-04	-2.1965E-03	1.0647E-02  	2.0000E-02 	5.5769E-01  
0.0000E+00 	-6.8905E-02	1.1376E-02  	3.0000E-02 	5.4977E-01  
6.5216E-04 	-8.8121E-02	1.1120E-02  	4.0000E-02 	5.3828E-01  
1.3043E-03 	-9.6713E-02	1.0176E-02  	5.0000E-02 	5.2284E-01  
1.9565E-03 	-9.1140E-02	8.8478E-03  	6.0000E-02 	5.0294E-01  
2.6086E-03 	-7.9818E-02	7.4496E-03  	7.0000E-02 	4.7802E-01  
3.2608E-03 	-6.4260E-02	6.0851E-03  	8.0000E-02 	4.4752E-01  
3.9129E-03 	-5.3642E-02	4.9032E-03  	9.0000E-02 	4.1098E-01  
4.5651E-03 	-4.4518E-02	3.9870E-03  	1.0000E-01 	3.6834E-01  
5.2173E-03 	-3.8588E-02	3.3041E-03  	1.1000E-01 	3.2019E-01  
5.8694E-03 	-2.0984E-02	3.0010E-03  	1.2000E-01 	2.6810E-01  
6.5216E-03 	2.6809E-02 	3.3447E-03  	1.3000E-01 	2.1479E-01  
7.1737E-03 	1.3628E-01 	4.4145E-03  	1.4000E-01 	1.6375E-01  
7.8259E-03 	2.6965E-01 	5.6115E-03  	1.5000E-01 	1.1847E-01  
8.4780E-03 	3.6973E-01 	6.4134E-03  	1.6000E-01 	8.1416E-02  
9.1302E-03 	4.4987E-01 	6.9490E-03  	1.7000E-01 	5.3429E-02  
9.7824E-03 	4.8583E-01 	7.1733E-03  	1.8000E-01 	3.3837E-02  
1.0434E-02 	5.1130E-01 	7.2868E-03  	1.9000E-01 	2.1049E-02  
1.1087E-02 	5.2108E-01 	7.3034E-03  	2.0000E-01 	1.3216E-02  
1.1739E-02 	5.3378E-01 	7.3216E-03  	2.1000E-01 	8.6694E-03  
1.2391E-02 	5.4596E-01 	7.3444E-03  	2.2000E-01 	6.1065E-03  
1.3043E-02 	5.4840E-01 	7.3380E-03  	2.3000E-01 	4.6093E-03  
1.3695E-02 	5.5004E-01 	7.3064E-03  	2.4000E-01 	3.5870E-03  
1.4347E-02 	5.5821E-01 	7.3279E-03  	2.5000E-01 	2.6974E-03  
1.5000E-02 	5.6421E-01 	7.3427E-03  	2.6000E-01 	1.7756E-03  
1.5652E-02 	5.6118E-01 	7.3149E-03  	2.7000E-01 	7.7620E-04  
1.6304E-02 	5.6127E-01 	7.3100E-03  	2.8000E-01 	-2.7311E-04 
1.6956E-02 	5.5684E-01 	7.2792E-03  	2.9000E-01 	-1.3070E-03 
1.7608E-02 	5.6409E-01 	7.3051E-03  	3.0000E-01 	-2.2513E-03 
1.8260E-02 	5.5924E-01 	7.2536E-03  	3.1000E-01 	-3.0449E-03 
1.8913E-02 	5.6711E-01 	7.2927E-03  	3.2000E-01 	-3.6535E-03 
1.9565E-02 	5.8151E-01 	7.3543E-03  	3.3000E-01 	-4.0745E-03 
2.0217E-02 	5.9233E-01 	7.4165E-03  	3.4000E-01 	-4.3336E-03 
2.0869E-02 	5.8907E-01 	7.3925E-03  	3.5000E-01 	-4.4750E-03 
2.1521E-02 	5.8686E-01 	7.3683E-03  	3.6000E-01 	-4.5491E-03 
2.2173E-02 	5.6685E-01 	7.2768E-03  	3.7000E-01 	-4.6017E-03 
2.2825E-02 	5.6799E-01 	7.2735E-03  	3.8000E-01 	-4.6665E-03 
2.3478E-02 	5.6030E-01 	7.2293E-03  
2.4130E-02 	5.7333E-01 	7.2955E-03  
2.4782E-02 	5.8385E-01 	7.3417E-03  
2.5434E-02 	5.7433E-01 	7.3029E-03  
2.6086E-02 	5.6629E-01 	7.2497E-03  
2.6738E-02 	5.5859E-01 	7.2062E-03  
2.7391E-02 	5.5708E-01 	7.2062E-03  
2.8043E-02 	5.5121E-01 	7.1813E-03  
2.8695E-02 	5.5911E-01 	7.2044E-03  
2.9347E-02 	5.5975E-01 	7.2030E-03  
2.9999E-02 	5.7634E-01 	7.2910E-03  
3.0651E-02 	5.6174E-01 	7.2151E-03  
3.1303E-02 	5.4258E-01 	7.1107E-03  
3.1956E-02 	5.3909E-01 	7.0877E-03  
3.2608E-02 	5.4421E-01 	7.1210E-03  
3.3260E-02 	5.3960E-01 	7.0895E-03  
3.3912E-02 	5.4338E-01 	7.1083E-03  
3.4564E-02 	5.3992E-01 	7.0886E-03  
3.5216E-02 	5.3997E-01 	7.0988E-03  
3.5869E-02 	5.4003E-01 	7.0995E-03  
3.6521E-02 	5.4048E-01 	7.0864E-03  
3.7173E-02 	5.4558E-01 	7.1135E-03  
3.7825E-02 	5.4298E-01 	7.1174E-03  
3.8477E-02 	5.3787E-01 	7.0878E-03  
3.9129E-02 	5.3431E-01 	7.0501E-03  
3.9782E-02 	5.3570E-01 	7.0619E-03  
4.0434E-02 	5.5731E-01 	7.1772E-03  
4.1086E-02 	5.6355E-01 	7.2259E-03  
4.1738E-02 	5.5258E-01 	7.1579E-03  
4.2390E-02 	5.5086E-01 	7.1478E-03  
4.3042E-02 	5.4311E-01 	7.1071E-03  
4.3694E-02 	5.4296E-01 	7.1097E-03  
4.4347E-02 	5.3979E-01 	7.0854E-03  
4.4999E-02 	5.4061E-01 	7.1097E-03  
4.5651E-02 	5.3015E-01 	7.0474E-03  
4.6303E-02 	5.3050E-01 	7.0394E-03  
4.6955E-02 	5.2886E-01 	7.0266E-03  
4.7607E-02 	5.2403E-01 	6.9959E-03  
4.8260E-02 	5.1939E-01 	6.9866E-03  
4.8912E-02 	5.0701E-01 	6.9141E-03  
4.9564E-02 	5.2933E-01 	7.0305E-03  
5.0216E-02 	5.4305E-01 	7.0998E-03  
5.0868E-02 	5.5641E-01 	7.1676E-03  
5.1520E-02 	5.3121E-01 	7.0482E-03  
5.2173E-02 	5.1346E-01 	6.9596E-03  
5.2825E-02 	5.0938E-01 	6.9203E-03  
5.3477E-02 	5.0875E-01 	6.9230E-03  
5.4129E-02 	5.2153E-01 	6.9980E-03  
5.4781E-02 	5.2868E-01 	7.0243E-03  
5.5433E-02 	5.2142E-01 	6.9819E-03  
5.6086E-02 	5.2445E-01 	6.9905E-03  
5.6738E-02 	5.1812E-01 	6.9594E-03  
5.7390E-02 	5.0240E-01 	6.8698E-03  
5.8042E-02 	4.9837E-01 	6.8298E-03  
5.8694E-02 	5.0064E-01 	6.8467E-03  
5.9346E-02 	4.9867E-01 	6.8543E-03  
5.9999E-02 	5.1176E-01 	6.9394E-03  
6.0651E-02 	4.9778E-01 	6.8577E-03  
6.1303E-02 	4.8594E-01 	6.7733E-03  
6.1955E-02 	4.8060E-01 	6.7335E-03  
6.2607E-02 	4.7427E-01 	6.6910E-03  
6.3259E-02 	4.7015E-01 	6.6913E-03  
6.3911E-02 	4.7500E-01 	6.7117E-03  
6.4564E-02 	4.8816E-01 	6.7793E-03  
6.5216E-02 	4.8290E-01 	6.7597E-03  
6.5868E-02 	4.8631E-01 	6.7708E-03  
6.6520E-02 	4.8402E-01 	6.7575E-03  
6.7172E-02 	4.8726E-01 	6.7938E-03  
6.7824E-02 	4.8917E-01 	6.8028E-03  
6.8476E-02 	4.8220E-01 	6.7524E-03  
6.9129E-02 	4.6715E-01 	6.6711E-03  
6.9781E-02 	4.6626E-01 	6.6611E-03  
7.0433E-02 	4.8677E-01 	6.7801E-03  
7.1085E-02 	4.8981E-01 	6.7954E-03  
7.1737E-02 	4.7723E-01 	6.7164E-03  
7.2389E-02 	4.6605E-01 	6.6709E-03  
7.3042E-02 	4.6630E-01 	6.6681E-03  
7.3694E-02 	4.6404E-01 	6.6584E-03  
7.4346E-02 	4.5749E-01 	6.6201E-03  
7.4998E-02 	4.4958E-01 	6.5718E-03  
7.5650E-02 	4.5071E-01 	6.5833E-03  
7.6302E-02 	4.5593E-01 	6.6046E-03  
7.6954E-02 	4.4823E-01 	6.5564E-03  
7.7607E-02 	4.3765E-01 	6.4931E-03  
7.8259E-02 	4.3247E-01 	6.4750E-03  
7.8911E-02 	4.5806E-01 	6.6179E-03  
7.9563E-02 	4.6768E-01 	6.6743E-03  
8.0215E-02 	4.5598E-01 	6.6065E-03  
8.0867E-02 	4.4829E-01 	6.5681E-03  
8.1520E-02 	4.4237E-01 	6.5422E-03  
8.2172E-02 	4.3422E-01 	6.4857E-03  
8.2824E-02 	4.2856E-01 	6.4527E-03  
8.3476E-02 	4.1806E-01 	6.3775E-03  
8.4128E-02 	4.2198E-01 	6.4170E-03  
8.4780E-02 	4.3595E-01 	6.4835E-03  
8.5433E-02 	4.3234E-01 	6.4553E-03  
8.6085E-02 	4.2010E-01 	6.3834E-03  
8.6737E-02 	4.2144E-01 	6.3797E-03  
8.7389E-02 	4.0960E-01 	6.3267E-03  
8.8041E-02 	4.1483E-01 	6.3676E-03  
8.8693E-02 	4.0806E-01 	6.3236E-03  
8.9345E-02 	4.1297E-01 	6.3629E-03  
8.9998E-02 	4.0777E-01 	6.3146E-03  
9.0650E-02 	4.0326E-01 	6.2728E-03  
9.1302E-02 	3.9526E-01 	6.2309E-03  
9.1954E-02 	3.9182E-01 	6.1979E-03  
9.2606E-02 	3.9937E-01 	6.2459E-03  
9.3258E-02 	3.9613E-01 	6.2423E-03  
9.3911E-02 	3.9400E-01 	6.2261E-03  
9.4563E-02 	3.8611E-01 	6.1781E-03  
9.5215E-02 	3.8006E-01 	6.1518E-03  
9.5867E-02 	3.8365E-01 	6.1732E-03  
9.6519E-02 	3.7362E-01 	6.1042E-03  
9.7171E-02 	3.7072E-01 	6.0930E-03  
9.7824E-02 	3.7837E-01 	6.1321E-03  
9.8476E-02 	3.7612E-01 	6.0954E-03  
9.9128E-02 	3.7451E-01 	6.0905E-03  
9.9780E-02 	3.6590E-01 	6.0484E-03  
1.0043E-01 	3.6752E-01 	6.0679E-03  
1.0108E-01 	3.5891E-01 	5.9884E-03  
1.0174E-01 	3.5700E-01 	5.9857E-03  
1.0239E-01 	3.4759E-01 	5.9451E-03  
1.0304E-01 	3.5319E-01 	5.9637E-03  
1.0369E-01 	3.5243E-01 	5.9660E-03  
1.0434E-01 	3.5062E-01 	5.9545E-03  
1.0500E-01 	3.4673E-01 	5.9336E-03  
1.0565E-01 	3.4533E-01 	5.9277E-03  
1.0630E-01 	3.4657E-01 	5.9253E-03  
1.0695E-01 	3.4469E-01 	5.9143E-03  
1.0761E-01 	3.3713E-01 	5.8777E-03  
1.0826E-01 	3.3709E-01 	5.8696E-03  
1.0891E-01 	3.3140E-01 	5.8371E-03  
1.0956E-01 	3.2671E-01 	5.8109E-03  
1.1021E-01 	3.2201E-01 	5.7915E-03  
1.1087E-01 	3.1506E-01 	5.7580E-03  
1.1152E-01 	3.1206E-01 	5.7265E-03  
1.1217E-01 	3.1118E-01 	5.7056E-03  
1.1282E-01 	3.0144E-01 	5.6350E-03  
1.1348E-01 	2.9369E-01 	5.5745E-03  
1.1413E-01 	3.0276E-01 	5.6446E-03  
1.1478E-01 	3.1343E-01 	5.7104E-03  
1.1543E-01 	3.0288E-01 	5.6286E-03  
1.1608E-01 	2.9246E-01 	5.5519E-03  
1.1674E-01 	2.8297E-01 	5.4979E-03  
1.1739E-01 	2.7984E-01 	5.4769E-03  
1.1804E-01 	2.8219E-01 	5.5091E-03  
1.1869E-01 	2.7485E-01 	5.4472E-03  
1.1935E-01 	2.7353E-01 	5.4521E-03  
1.2000E-01 	2.6590E-01 	5.3935E-03  
1.2065E-01 	2.6162E-01 	5.3398E-03  
1.2130E-01 	2.5909E-01 	5.3253E-03  
1.2195E-01 	2.5177E-01 	5.2829E-03  
1.2261E-01 	2.5217E-01 	5.2813E-03  
1.2326E-01 	2.4844E-01 	5.2549E-03  
1.2391E-01 	2.4173E-01 	5.1994E-03  
1.2456E-01 	2.3759E-01 	5.1666E-03  
1.2521E-01 	2.4079E-01 	5.1887E-03  
1.2587E-01 	2.3412E-01 	5.1364E-03  
1.2652E-01 	2.3196E-01 	5.1390E-03  
1.2717E-01 	2.3054E-01 	5.1047E-03  
1.2782E-01 	2.2733E-01 	5.0846E-03  
1.2848E-01 	2.2547E-01 	5.0806E-03  
1.2913E-01 	2.2750E-01 	5.0724E-03  
1.2978E-01 	2.2365E-01 	5.0481E-03  
1.3043E-01 	2.1935E-01 	5.0365E-03  
1.3108E-01 	2.2469E-01 	5.0886E-03  
1.3174E-01 	2.1712E-01 	5.0126E-03  
1.3239E-01 	2.0485E-01 	4.9230E-03  
1.3304E-01 	1.9841E-01 	4.8833E-03  
1.3369E-01 	1.9788E-01 	4.8600E-03  
1.3434E-01 	1.9185E-01 	4.8305E-03  
1.3500E-01 	1.9907E-01 	4.8758E-03  
1.3565E-01 	1.9600E-01 	4.8387E-03  
1.3630E-01 	1.9314E-01 	4.8062E-03  
1.3695E-01 	1.9205E-01 	4.8021E-03  
1.3761E-01 	1.8491E-01 	4.7667E-03  
1.3826E-01 	1.7935E-01 	4.7236E-03  
1.3891E-01 	1.7503E-01 	4.6734E-03  
1.3956E-01 	1.7235E-01 	4.6685E-03  
1.4021E-01 	1.6846E-01 	4.6449E-03  
1.4087E-01 	1.6407E-01 	4.5759E-03  
1.4152E-01 	1.5714E-01 	4.5381E-03  
1.4217E-01 	1.5733E-01 	4.5110E-03  
1.4282E-01 	1.5762E-01 	4.5183E-03  
1.4347E-01 	1.5768E-01 	4.5389E-03  
1.4413E-01 	1.5189E-01 	4.4942E-03  
1.4478E-01 	1.5143E-01 	4.5106E-03  
1.4543E-01 	1.4507E-01 	4.4445E-03  
1.4608E-01 	1.3607E-01 	4.3605E-03  
1.4674E-01 	1.3054E-01 	4.3011E-03  
1.4739E-01 	1.2627E-01 	4.2496E-03  
1.4804E-01 	1.2341E-01 	4.2264E-03  
1.4869E-01 	1.3029E-01 	4.2874E-03  
1.4934E-01 	1.2818E-01 	4.2609E-03  
1.5000E-01 	1.2157E-01 	4.2037E-03  
1.5065E-01 	1.1524E-01 	4.1565E-03  
1.5130E-01 	1.1542E-01 	4.1731E-03  
1.5195E-01 	1.0843E-01 	4.1077E-03  
1.5260E-01 	1.0842E-01 	4.0981E-03  
1.5326E-01 	1.0487E-01 	4.0540E-03  
1.5391E-01 	1.0820E-01 	4.0779E-03  
1.5456E-01 	1.0164E-01 	4.0336E-03  
1.5521E-01 	9.3236E-02 	3.9478E-03  
1.5587E-01 	9.6244E-02 	3.9997E-03  
1.5652E-01 	9.2405E-02 	3.9471E-03  
1.5717E-01 	8.5902E-02 	3.9137E-03  
1.5782E-01 	8.7533E-02 	3.8847E-03  
1.5847E-01 	8.3583E-02 	3.8477E-03  
1.5913E-01 	8.4165E-02 	3.8723E-03  
1.5978E-01 	8.2604E-02 	3.8455E-03  
1.6043E-01 	8.0910E-02 	3.8183E-03  
1.6108E-01 	7.6268E-02 	3.7939E-03  
1.6173E-01 	7.5789E-02 	3.7959E-03  
1.6239E-01 	7.0359E-02 	3.7548E-03  
1.6304E-01 	7.1540E-02 	3.7087E-03  
1.6369E-01 	7.0383E-02 	3.6955E-03  
1.6434E-01 	6.8145E-02 	3.6741E-03  
1.6500E-01 	6.5864E-02 	3.6538E-03  
1.6565E-01 	6.5403E-02 	3.6735E-03  
1.6630E-01 	5.9279E-02 	3.6270E-03  
1.6695E-01 	5.9892E-02 	3.5993E-03  
1.6760E-01 	5.6901E-02 	3.5731E-03  
1.6826E-01 	5.4359E-02 	3.5589E-03  
1.6891E-01 	5.3373E-02 	3.5445E-03  
1.6956E-01 	5.7386E-02 	3.5792E-03  
1.7021E-01 	5.6609E-02 	3.5735E-03  
1.7086E-01 	5.2805E-02 	3.5086E-03  
1.7152E-01 	4.8262E-02 	3.4775E-03  
1.7217E-01 	4.5134E-02 	3.4729E-03  
1.7282E-01 	4.2073E-02 	3.4345E-03  
1.7347E-01 	4.0357E-02 	3.4040E-03  
1.7413E-01 	3.5986E-02 	3.3934E-03  
1.7478E-01 	3.9694E-02 	3.4257E-03  
1.7543E-01 	4.4265E-02 	3.4430E-03  
1.7608E-01 	3.8008E-02 	3.3604E-03  
1.7674E-01 	3.9453E-02 	3.3876E-03  
1.7739E-01 	3.6148E-02 	3.3388E-03  
1.7804E-01 	3.6241E-02 	3.3265E-03  
1.7869E-01 	3.1605E-02 	3.2976E-03  
1.7934E-01 	3.0685E-02 	3.2832E-03  
1.7999E-01 	2.8574E-02 	3.2700E-03  
1.8065E-01 	2.7470E-02 	3.2843E-03  
1.8130E-01 	2.7466E-02 	3.2844E-03  
1.8195E-01 	2.5434E-02 	3.2316E-03  
1.8260E-01 	2.3572E-02 	3.1764E-03  
1.8326E-01 	2.2173E-02 	3.1886E-03  
1.8391E-01 	2.4982E-02 	3.2216E-03  
1.8456E-01 	2.4281E-02 	3.1876E-03  
1.8521E-01 	1.9735E-02 	3.1424E-03  
1.8587E-01 	2.1027E-02 	3.1267E-03  
1.8652E-01 	2.2101E-02 	3.1894E-03  
1.8717E-01 	1.5223E-02 	3.1036E-03  
1.8782E-01 	1.6614E-02 	3.1116E-03  
1.8847E-01 	1.5886E-02 	3.1139E-03  
1.8913E-01 	1.8111E-02 	3.1568E-03  
1.8978E-01 	1.8354E-02 	3.1475E-03  
1.9043E-01 	1.6264E-02 	3.1146E-03  
1.9108E-01 	1.7684E-02 	3.1095E-03  
1.9173E-01 	1.8358E-02 	3.1028E-03  
1.9239E-01 	1.7706E-02 	3.0971E-03  
1.9304E-01 	1.7425E-02 	3.0999E-03  
1.9369E-01 	1.5268E-02 	3.0828E-03  
1.9434E-01 	1.2259E-02 	3.0486E-03  
1.9500E-01 	1.1009E-02 	3.0833E-03  
1.9565E-01 	1.4034E-02 	3.0804E-03  
1.9630E-01 	1.4503E-02 	3.0821E-03  
1.9695E-01 	1.1518E-02 	3.0477E-03  
1.9760E-01 	9.2947E-03 	3.0083E-03  
1.9826E-01 	8.9778E-03 	3.0192E-03  
1.9891E-01 	1.0556E-02 	3.0458E-03  
1.9956E-01 	8.5847E-03 	3.0154E-03  
2.0021E-01 	7.2572E-03 	2.9982E-03  
2.0086E-01 	9.3471E-03 	3.0124E-03  
2.0152E-01 	7.0817E-03 	2.9735E-03  
2.0217E-01 	7.8242E-03 	2.9961E-03  
2.0282E-01 	1.0710E-02 	3.0309E-03  
2.0347E-01 	8.8863E-03 	3.0154E-03  
2.0413E-01 	7.2390E-03 	2.9981E-03  
2.0478E-01 	6.4100E-03 	2.9756E-03  
2.0543E-01 	5.9021E-03 	2.9774E-03  
2.0608E-01 	5.5715E-03 	2.9838E-03  
2.0673E-01 	4.7957E-03 	2.9766E-03  
2.0739E-01 	1.8239E-03 	2.9475E-03  
2.0804E-01 	2.4922E-03 	2.9537E-03  
2.0869E-01 	5.9598E-03 	3.0109E-03  
2.0934E-01 	6.0823E-03 	3.0020E-03  
2.0999E-01 	4.1130E-03 	2.9775E-03  
2.1065E-01 	2.6706E-03 	2.9542E-03  
2.1130E-01 	5.2339E-03 	2.9414E-03  
2.1195E-01 	3.3945E-03 	2.9447E-03  
2.1260E-01 	1.0363E-03 	2.9315E-03  
2.1326E-01 	1.3058E-03 	2.9331E-03  
2.1391E-01 	-7.7453E-04	2.9299E-03  
2.1456E-01 	-2.1323E-04	2.9431E-03  
2.1521E-01 	1.2288E-03 	2.9575E-03  
2.1586E-01 	3.6439E-03 	2.9570E-03  
2.1652E-01 	4.6948E-03 	2.9484E-03  
2.1717E-01 	4.9747E-03 	2.9537E-03  
2.1782E-01 	4.0552E-03 	2.9415E-03  
2.1847E-01 	3.0053E-03 	2.9146E-03  
2.1912E-01 	4.5904E-03 	2.9458E-03  
2.1978E-01 	5.1188E-03 	2.9772E-03  
2.2043E-01 	3.7285E-03 	2.9653E-03  
2.2108E-01 	5.2123E-03 	2.9574E-03  
2.2173E-01 	3.2244E-03 	2.9304E-03  
2.2239E-01 	3.0537E-03 	2.9673E-03  
2.2304E-01 	4.2147E-03 	2.9584E-03  
2.2369E-01 	4.4611E-03 	2.9632E-03  
2.2434E-01 	4.6705E-03 	2.9606E-03  
2.2499E-01 	3.8595E-03 	2.9684E-03  
2.2565E-01 	2.5669E-03 	2.9765E-03  
2.2630E-01 	2.2207E-03 	2.9331E-03  
2.2695E-01 	3.0829E-03 	2.9439E-03  
2.2760E-01 	4.0449E-03 	2.9638E-03  
2.2826E-01 	6.0140E-03 	2.9589E-03  
2.2891E-01 	2.7695E-03 	2.9406E-03  
2.2956E-01 	3.4835E-03 	2.9354E-03  
2.3021E-01 	3.4186E-03 	2.9400E-03  
2.3086E-01 	2.1451E-03 	2.9588E-03  
2.3152E-01 	2.0597E-03 	2.9503E-03  
2.3217E-01 	1.3854E-04 	2.9302E-03  
2.3282E-01 	3.9442E-03 	2.9755E-03  
2.3347E-01 	7.0467E-03 	2.9593E-03  
2.3412E-01 	3.5808E-03 	2.9455E-03  
2.3478E-01 	5.0475E-03 	2.9755E-03  
2.3543E-01 	3.4166E-03 	2.9458E-03  
2.3608E-01 	2.6505E-03 	2.9336E-03  
2.3673E-01 	2.8019E-03 	2.9779E-03  
2.3739E-01 	1.3112E-03 	2.9524E-03  
2.3804E-01 	6.6676E-05 	2.9273E-03  
2.3869E-01 	1.0340E-03 	2.9090E-03  
2.3934E-01 	4.3523E-03 	2.9869E-03  
2.3999E-01 	3.9053E-03 	2.9640E-03  
2.4065E-01 	2.2318E-03 	2.9420E-03  
2.4130E-01 	3.1678E-03 	2.9411E-03  
2.4195E-01 	9.5069E-04 	2.9052E-03  
2.4260E-01 	1.0175E-03 	2.8913E-03  
2.4325E-01 	-4.7143E-04	2.8847E-03  
2.4391E-01 	2.2248E-03 	2.9267E-03  
2.4456E-01 	1.2584E-04 	2.8968E-03  
2.4521E-01 	1.1555E-03 	2.9062E-03  
2.4586E-01 	1.2395E-03 	2.8991E-03  
2.4652E-01 	2.3033E-03 	2.9291E-03  
2.4717E-01 	4.8673E-03 	2.9265E-03  
2.4782E-01 	5.2021E-03 	2.9408E-03  
2.4847E-01 	3.0411E-03 	2.9302E-03  
2.4912E-01 	2.1454E-03 	2.9273E-03  
2.4978E-01 	5.7648E-03 	2.9809E-03  
2.5043E-01 	4.5227E-03 	2.9745E-03  
2.5108E-01 	2.6156E-03 	2.9365E-03  
2.5173E-01 	1.0168E-03 	2.9494E-03  
2.5239E-01 	3.2257E-03 	2.9480E-03  
2.5304E-01 	3.0384E-03 	2.9363E-03  
2.5369E-01 	4.6530E-03 	2.9595E-03  
2.5434E-01 	3.7580E-03 	2.9648E-03  
2.5499E-01 	1.5904E-03 	2.9551E-03  
2.5565E-01 	3.6570E-03 	2.9579E-03  
2.5630E-01 	3.4005E-03 	2.9279E-03  
2.5695E-01 	3.1824E-03 	2.9673E-03  
2.5760E-01 	-2.2814E-05	2.9257E-03  
2.5825E-01 	1.0928E-03 	2.9614E-03  
2.5891E-01 	2.7762E-03 	2.9731E-03  
2.5956E-01 	4.6822E-03 	2.9568E-03  
2.6021E-01 	1.8718E-03 	2.9229E-03  
2.6086E-01 	2.1975E-03 	2.9412E-03  
2.6151E-01 	3.6236E-03 	2.9274E-03  
2.6217E-01 	1.9411E-03 	2.9209E-03  
2.6282E-01 	1.1846E-03 	2.9248E-03  
2.6347E-01 	2.0826E-03 	2.9495E-03  
2.6412E-01 	2.4952E-03 	2.9512E-03  
2.6478E-01 	4.4433E-03 	2.9815E-03  
2.6543E-01 	5.5236E-05 	2.9360E-03  
2.6608E-01 	-4.0063E-04	2.9115E-03  
2.6673E-01 	3.9468E-03 	2.9433E-03  
2.6738E-01 	2.3039E-03 	2.9315E-03  
2.6804E-01 	1.1780E-03 	2.8987E-03  
2.6869E-01 	-1.4801E-03	2.8900E-03  
2.6934E-01 	-6.4488E-04	2.8815E-03  
2.6999E-01 	1.8756E-03 	2.9295E-03  
2.7065E-01 	3.2270E-03 	2.9121E-03  
2.7130E-01 	9.1389E-04 	2.8872E-03  
2.7195E-01 	2.0723E-03 	2.9265E-03  
2.7260E-01 	2.2023E-03 	2.9386E-03  
2.7325E-01 	1.7953E-03 	2.9192E-03  
2.7391E-01 	1.3909E-03 	2.9001E-03  
2.7456E-01 	1.7197E-03 	2.8989E-03  
2.7521E-01 	3.7543E-03 	2.9153E-03  
2.7586E-01 	2.9309E-03 	2.9154E-03  
2.7652E-01 	2.1823E-03 	2.9133E-03  
2.7717E-01 	1.6040E-03 	2.9052E-03  
2.7782E-01 	4.3657E-03 	2.9294E-03  
2.7847E-01 	3.7618E-03 	2.9607E-03  
2.7912E-01 	1.8999E-03 	2.9013E-03  
2.7977E-01 	-1.3940E-03	2.8537E-03  
2.8043E-01 	-1.3660E-03	2.8858E-03  
2.8108E-01 	-2.6498E-04	2.8972E-03  
2.8173E-01 	2.1385E-03 	2.8935E-03  
2.8238E-01 	3.9284E-04 	2.8969E-03  
2.8304E-01 	1.3150E-03 	2.9198E-03  
2.8369E-01 	1.2831E-03 	2.9228E-03  
2.8434E-01 	4.8789E-04 	2.9121E-03  
2.8499E-01 	-1.6737E-03	2.8846E-03  
2.8564E-01 	-2.2575E-04	2.9193E-03  
2.8630E-01 	1.3387E-03 	2.9206E-03  
2.8695E-01 	-1.5477E-03	2.9164E-03  
2.8760E-01 	1.2866E-05 	2.9062E-03  
2.8825E-01 	8.2963E-04 	2.9115E-03  
2.8891E-01 	3.0127E-04 	2.9069E-03  
2.8956E-01 	2.3290E-03 	2.9593E-03  
2.9021E-01 	1.4636E-03 	2.9418E-03  
2.9086E-01 	-1.3767E-03	2.9107E-03  
2.9151E-01 	8.2878E-04 	2.9263E-03  
2.9217E-01 	-7.2109E-04	2.9026E-03  
2.9282E-01 	-6.4344E-05	2.8905E-03  
2.9347E-01 	3.4263E-03 	2.9126E-03  
2.9412E-01 	2.1895E-03 	2.9138E-03  
2.9478E-01 	9.2806E-04 	2.9252E-03  
2.9543E-01 	-1.0535E-03	2.8955E-03  
2.9608E-01 	-2.7953E-03	2.8875E-03  
2.9673E-01 	1.7609E-03 	2.9026E-03  
2.9738E-01 	-1.1886E-04	2.8843E-03  
2.9804E-01 	-4.6909E-04	2.8886E-03  
2.9869E-01 	-3.5342E-03	2.8648E-03  
2.9934E-01 	-3.5913E-03	2.8464E-03  
2.9999E-01 	-7.0945E-03	2.8332E-03  
3.0064E-01 	-4.3724E-03	2.8828E-03  
3.0130E-01 	-1.9333E-04	2.9038E-03  
3.0195E-01 	-1.2997E-04	2.8857E-03  
3.0260E-01 	-2.1298E-03	2.8746E-03  
3.0325E-01 	-2.7921E-03	2.8648E-03  
3.0390E-01 	-2.4523E-03	2.8811E-03  
3.0456E-01 	-3.2070E-03	2.8513E-03  
3.0521E-01 	9.3696E-05 	2.8455E-03  
3.0586E-01 	-2.5564E-04	2.8596E-03  
3.0651E-01 	-1.4450E-03	2.8593E-03  
3.0717E-01 	-3.6718E-03	2.8188E-03  
3.0782E-01 	5.4551E-04 	2.8661E-03  
3.0847E-01 	4.0230E-04 	2.8841E-03  
3.0912E-01 	9.1886E-04 	2.9087E-03  
3.0978E-01 	-8.8928E-04	2.8532E-03  
3.1043E-01 	-3.5589E-03	2.8680E-03  
3.1108E-01 	-1.2168E-03	2.8721E-03  
3.1173E-01 	9.5142E-04 	2.8683E-03  
3.1238E-01 	-2.0822E-03	2.8726E-03  
3.1304E-01 	-3.7242E-03	2.8569E-03  
3.1369E-01 	-8.8521E-04	2.8765E-03  
3.1434E-01 	-3.2896E-03	2.8534E-03  
3.1499E-01 	-4.8755E-03	2.8478E-03  
3.1564E-01 	-5.0710E-03	2.8410E-03  
3.1630E-01 	-2.8252E-03	2.8712E-03  
3.1695E-01 	-1.3859E-03	2.8598E-03  
3.1760E-01 	-2.0082E-03	2.8655E-03  
3.1825E-01 	-2.2691E-03	2.8572E-03  
3.1890E-01 	-1.1144E-03	2.8676E-03  
3.1956E-01 	-3.3893E-03	2.8606E-03  
3.2021E-01 	-7.2378E-04	2.8894E-03  
3.2086E-01 	-1.3416E-03	2.8740E-03  
3.2151E-01 	-1.8193E-03	2.8624E-03  
3.2217E-01 	-3.6829E-03	2.8531E-03  
3.2282E-01 	-4.0800E-03	2.8510E-03  
3.2347E-01 	-3.5291E-03	2.8573E-03  
3.2412E-01 	-2.3486E-03	2.8547E-03  
3.2477E-01 	-1.8389E-03	2.8524E-03  
3.2543E-01 	-1.2411E-04	2.8849E-03  
3.2608E-01 	-2.0370E-03	2.8760E-03  
3.2673E-01 	-2.8421E-03	2.8462E-03  
3.2738E-01 	-1.6650E-03	2.8625E-03  
3.2804E-01 	-2.4398E-03	2.8535E-03  
3.2869E-01 	-3.8830E-03	2.8381E-03  
3.2934E-01 	-2.9263E-04	2.8739E-03  
3.2999E-01 	-2.6982E-03	2.8523E-03  
3.3064E-01 	-4.2652E-03	2.8311E-03  
3.3130E-01 	-3.7337E-03	2.8219E-03  
3.3195E-01 	-5.4589E-03	2.8470E-03  
3.3260E-01 	-5.4747E-03	2.8149E-03  
3.3325E-01 	-4.5905E-03	2.8138E-03  
3.3390E-01 	-1.6719E-03	2.8516E-03  
3.3456E-01 	-1.9556E-03	2.8345E-03  
3.3521E-01 	-2.8551E-03	2.8403E-03  
3.3586E-01 	-3.6144E-03	2.8458E-03  
3.3651E-01 	-2.9787E-03	2.8333E-03  
3.3716E-01 	-6.3790E-03	2.8158E-03  
3.3782E-01 	-3.4901E-03	2.8238E-03  
3.3847E-01 	-3.3507E-03	2.8003E-03  
3.3912E-01 	-3.5409E-03	2.8242E-03  
3.3977E-01 	-3.4430E-03	2.8145E-03  
3.4043E-01 	-2.0666E-03	2.8271E-03  
3.4108E-01 	-2.7205E-03	2.8219E-03  
3.4173E-01 	-2.0333E-03	2.8359E-03  
3.4238E-01 	-2.2659E-03	2.8214E-03  
3.4303E-01 	8.3971E-04 	2.8680E-03  
3.4369E-01 	-6.0270E-04	2.8439E-03  
3.4434E-01 	-2.7392E-03	2.8576E-03  
3.4499E-01 	-3.6897E-03	2.8351E-03  
3.4564E-01 	-3.6655E-03	2.8423E-03  
3.4630E-01 	-2.8420E-03	2.8627E-03  
3.4695E-01 	-3.3398E-03	2.8637E-03  
3.4760E-01 	-2.9981E-03	2.8523E-03  
3.4825E-01 	-3.1025E-03	2.8547E-03  
3.4890E-01 	-4.3387E-03	2.8320E-03  
3.4956E-01 	-1.0081E-03	2.8729E-03  
3.5021E-01 	-1.0827E-03	2.8712E-03  
3.5086E-01 	-2.1115E-03	2.8701E-03  
3.5151E-01 	-2.6123E-03	2.8704E-03  
3.5217E-01 	-3.6016E-03	2.8681E-03  
3.5282E-01 	-2.0237E-03	2.8691E-03  
3.5347E-01 	-3.3637E-03	2.8696E-03  
3.5412E-01 	-3.5412E-03	2.8829E-03  
3.5477E-01 	-4.6991E-03	2.8567E-03  
3.5543E-01 	-4.8625E-03	2.8638E-03  
3.5608E-01 	-4.3630E-03	2.8292E-03  
3.5673E-01 	-6.6850E-03	2.8079E-03  
3.5738E-01 	-8.0038E-03	2.8127E-03  
3.5803E-01 	-2.4287E-03	2.8704E-03  
3.5869E-01 	4.2151E-04 	2.8831E-03  
3.5934E-01 	-1.7489E-03	2.8539E-03  
3.5999E-01 	-1.4503E-03	2.8620E-03  
3.6064E-01 	-1.5472E-03	2.8570E-03  
3.6129E-01 	-2.2088E-03	2.8636E-03  
3.6195E-01 	-8.5527E-04	2.8861E-03  
3.6260E-01 	-2.4780E-03	2.8640E-03  
3.6325E-01 	-4.7082E-03	2.8598E-03  
3.6390E-01 	-4.8050E-03	2.8175E-03  
3.6456E-01 	-5.6183E-03	2.8097E-03  
3.6521E-01 	-5.8981E-03	2.8230E-03  
3.6586E-01 	-4.7167E-03	2.8262E-03  
3.6651E-01 	-4.4791E-03	2.8313E-03  
3.6716E-01 	-4.7106E-03	2.8454E-03  
3.6782E-01 	-4.4670E-03	2.8379E-03  
3.6847E-01 	-3.2786E-03	2.8467E-03  
3.6912E-01 	-1.0177E-03	2.8494E-03  
3.6977E-01 	-5.7212E-04	2.8624E-03  
3.7043E-01 	-1.8681E-03	2.8620E-03  
3.7108E-01 	-2.8442E-03	2.8697E-03  
3.7173E-01 	-1.7942E-03	2.8697E-03  
3.7238E-01 	-1.7382E-03	2.8675E-03  
3.7303E-01 	-2.3723E-03	2.8653E-03  
3.7369E-01 	5.0666E-05 	2.8504E-03  
3.7434E-01 	1.3700E-04 	2.8843E-03  
3.7499E-01 	-1.4348E-03	2.8579E-03  
3.7564E-01 	-1.1611E-03	2.8868E-03  
3.7629E-01 	-1.8196E-03	2.8729E-03  
3.7695E-01 	4.3238E-04 	2.9117E-03  
3.7760E-01 	2.6957E-04 	2.8843E-03  
3.7825E-01 	1.2221E-03 	2.9089E-03  
3.7890E-01 	6.3506E-04 	2.9026E-03  
3.7955E-01 	-1.1167E-03	2.8647E-03  
3.8021E-01 	-2.6511E-03	2.8765E-03  
3.8086E-01 	-4.3737E-03	2.8718E-03  
3.8151E-01 	-2.2171E-03	2.8947E-03  
3.8216E-01 	-3.5049E-03	2.8990E-03  
3.8282E-01 	3.5566E-05 	2.9310E-03  
3.8347E-01 	-8.6824E-04	2.9277E-03  
3.8412E-01 	1.1445E-04 	2.9440E-03  
3.8477E-01 	-1.6002E-03	2.9337E-03  
3.8543E-01 	3.7228E-04 	2.9208E-03  
3.8608E-01 	2.3076E-03 	2.9408E-03  
3.8673E-01 	1.6556E-04 	2.9103E-03  
3.8738E-01 	-3.5836E-03	2.9010E-03  
3.8803E-01 	-3.4791E-03	2.8648E-03  
3.8869E-01 	-1.8415E-03	2.8636E-03  
3.8934E-01 	9.7553E-04 	2.8994E-03  
3.8999E-01 	3.7491E-03 	2.9583E-03  
3.9064E-01 	3.4879E-04 	2.8833E-03  
3.9129E-01 	-1.5488E-03	2.8559E-03  
3.9195E-01 	-4.6414E-05	2.8577E-03  
3.9260E-01 	-1.0233E-03	2.8747E-03  
3.9325E-01 	-1.0899E-03	2.8862E-03  
3.9390E-01 	9.1826E-05 	2.8945E-03  
3.9455E-01 	-1.8619E-03	2.8570E-03  
3.9521E-01 	-3.6751E-03	2.8657E-03  
3.9586E-01 	-2.9022E-03	2.8404E-03  
3.9651E-01 	-1.7922E-04	2.8598E-03  
3.9716E-01 	-1.4600E-03	2.8441E-03  
3.9782E-01 	-1.3755E-03	2.8300E-03  
3.9847E-01 	9.2176E-04 	2.8401E-03  
3.9912E-01 	1.7057E-03 	2.8803E-03  
3.9977E-01 	-1.2099E-04	2.8846E-03  
4.0042E-01 	-1.6713E-03	2.8655E-03  
4.0108E-01 	-1.5860E-03	2.8646E-03  
4.0173E-01 	-3.1249E-03	2.8530E-03  
4.0238E-01 	-1.7707E-03	2.8823E-03  
4.0303E-01 	-7.4940E-04	2.8928E-03  
4.0369E-01 	-3.0259E-03	2.8658E-03  
4.0434E-01 	-1.4151E-03	2.8775E-03  
4.0499E-01 	2.5092E-03 	2.9168E-03  
4.0564E-01 	2.5295E-03 	2.9248E-03  
4.0629E-01 	-4.0890E-04	2.9145E-03  
4.0695E-01 	3.4350E-03 	2.9413E-03  
4.0760E-01 	3.9360E-03 	2.9569E-03  
4.0825E-01 	1.4874E-03 	2.9219E-03  
4.0890E-01 	2.7703E-03 	2.8989E-03  
4.0956E-01 	3.9769E-03 	2.9237E-03  
4.1021E-01 	1.2829E-03 	2.9105E-03  
4.1086E-01 	2.2603E-03 	2.9462E-03  
4.1151E-01 	1.3605E-03 	2.9121E-03  
4.1216E-01 	-8.1284E-05	2.9028E-03  
4.1281E-01 	-1.5916E-03	2.9149E-03  
4.1347E-01 	1.1966E-03 	2.9249E-03  
4.1412E-01 	2.6982E-04 	2.9023E-03  
4.1477E-01 	-1.3560E-04	2.8908E-03  
4.1542E-01 	7.2896E-05 	2.9143E-03  
4.1608E-01 	-6.8374E-04	2.9307E-03  
4.1673E-01 	-1.3199E-03	2.9358E-03  
4.1738E-01 	1.1939E-03 	2.9366E-03  
4.1803E-01 	7.1707E-04 	2.9145E-03  
4.1868E-01 	1.9408E-03 	2.9231E-03  
4.1934E-01 	2.4546E-03 	2.9048E-03  
4.1999E-01 	-2.3867E-03	2.8849E-03  
4.2064E-01 	-1.0260E-04	2.9052E-03  
4.2129E-01 	-1.2152E-03	2.9029E-03  
4.2195E-01 	1.6036E-04 	2.8905E-03  
4.2260E-01 	-1.8263E-03	2.8875E-03  
4.2325E-01 	-2.0996E-03	2.8847E-03  
4.2390E-01 	-1.1456E-03	2.8951E-03  
4.2455E-01 	3.0553E-04 	2.9078E-03  
4.2521E-01 	-3.1797E-03	2.8680E-03  
4.2586E-01 	-2.3266E-03	2.8628E-03  
4.2651E-01 	-1.1981E-03	2.8617E-03  
4.2716E-01 	1.3485E-03 	2.8611E-03  
4.2782E-01 	1.7094E-04 	2.8904E-03  
4.2847E-01 	-1.3210E-03	2.8728E-03  
4.2912E-01 	-7.9082E-04	2.8879E-03  
4.2977E-01 	-1.3099E-03	2.8908E-03  
4.3042E-01 	-1.1317E-03	2.8614E-03  
4.3108E-01 	-2.7158E-03	2.8571E-03  
4.3173E-01 	-2.5490E-03	2.8559E-03  
4.3238E-01 	-3.4137E-04	2.8926E-03  
4.3303E-01 	8.0051E-04 	2.9165E-03  
4.3368E-01 	-7.2943E-04	2.9066E-03  
4.3434E-01 	-3.0149E-03	2.8857E-03  
4.3499E-01 	-7.6449E-04	2.9016E-03  
4.3564E-01 	1.1059E-03 	2.9104E-03  
4.3629E-01 	9.7878E-04 	2.9205E-03  
4.3694E-01 	-2.9313E-04	2.9125E-03  
4.3760E-01 	4.9066E-04 	2.9071E-03  
4.3825E-01 	3.6406E-03 	2.9349E-03  
4.3890E-01 	2.3431E-03 	2.9370E-03  
4.3955E-01 	2.7643E-03 	2.9450E-03  
4.4021E-01 	3.7465E-03 	2.9475E-03  
4.4086E-01 	5.2594E-03 	2.9375E-03  
4.4151E-01 	2.0705E-03 	2.9223E-03  
4.4216E-01 	6.4113E-04 	2.9415E-03  
4.4282E-01 	7.2205E-04 	2.9476E-03  
4.4347E-01 	-5.4914E-05	2.9253E-03  
4.4412E-01 	-3.0188E-04	2.9423E-03  
4.4477E-01 	-1.2581E-04	2.9253E-03  
4.4542E-01 	-1.1513E-03	2.8935E-03  
4.4608E-01 	-9.3680E-04	2.9248E-03  
4.4673E-01 	-9.2658E-04	2.9345E-03  
4.4738E-01 	-1.6932E-03	2.9238E-03  
4.4803E-01 	-1.1451E-03	2.9385E-03  
4.4868E-01 	-1.8081E-03	2.9104E-03  
4.4934E-01 	-1.1905E-04	2.9380E-03  
4.4999E-01 	-1.3494E-03	2.9049E-03  
4.5064E-01 	2.2880E-04 	2.9251E-03  
4.5129E-01 	2.6563E-03 	2.9425E-03  
4.5194E-01 	3.7240E-03 	2.9817E-03  
4.5260E-01 	2.2446E-04 	2.9418E-03  
4.5325E-01 	-1.4476E-03	2.9231E-03  
4.5390E-01 	-2.0107E-03	2.8850E-03  
4.5455E-01 	-9.8574E-04	2.9167E-03  
4.5521E-01 	1.2558E-06 	2.9236E-03  
4.5586E-01 	-8.1484E-05	2.8899E-03  
4.5651E-01 	3.3599E-04 	2.8864E-03  
4.5716E-01 	-2.3020E-03	2.8700E-03  
4.5781E-01 	-1.3587E-03	2.8765E-03  
4.5847E-01 	-1.1889E-03	2.9090E-03  
4.5912E-01 	-1.0215E-03	2.8965E-03  
4.5977E-01 	1.0558E-03 	2.8958E-03  
4.6042E-01 	2.6658E-03 	2.9000E-03  
4.6108E-01 	1.0415E-03 	2.9152E-03  
4.6173E-01 	-1.9588E-03	2.8962E-03  
4.6238E-01 	-1.1388E-03	2.9007E-03  
4.6303E-01 	9.5891E-04 	2.9054E-03  
4.6368E-01 	-1.6831E-04	2.9148E-03  
4.6434E-01 	9.1935E-04 	2.9281E-03  
4.6499E-01 	7.4770E-04 	2.8914E-03  
4.6564E-01 	1.3229E-03 	2.9061E-03  
4.6629E-01 	2.8527E-03 	2.9125E-03  
4.6694E-01 	7.1437E-04 	2.8972E-03  
4.6760E-01 	-7.3034E-05	2.8846E-03  
4.6825E-01 	7.8623E-04 	2.8734E-03  
4.6890E-01 	1.3512E-03 	2.8933E-03  
4.6955E-01 	2.1914E-04 	2.9123E-03  
4.7020E-01 	1.2975E-03 	2.9264E-03  
4.7086E-01 	6.1086E-04 	2.9176E-03  
4.7151E-01 	-2.8173E-04	2.9237E-03  
4.7216E-01 	1.6573E-04 	2.9330E-03  
4.7281E-01 	3.3938E-03 	2.9265E-03  
4.7347E-01 	3.3010E-04 	2.9236E-03  
4.7412E-01 	1.3428E-03 	2.9214E-03  
4.7477E-01 	2.2450E-03 	2.9548E-03  
4.7542E-01 	1.7594E-03 	2.9532E-03  
4.7608E-01 	1.5615E-03 	2.9671E-03  
4.7673E-01 	3.2747E-03 	2.9493E-03  
4.7738E-01 	6.1195E-04 	2.9435E-03  
4.7803E-01 	-2.2472E-03	2.9143E-03  
4.7868E-01 	-1.7756E-03	2.9134E-03  
4.7934E-01 	4.2593E-03 	2.9775E-03  
4.7999E-01 	1.2089E-03 	2.9452E-03  
4.8064E-01 	-5.8503E-04	2.9123E-03  
4.8129E-01 	-1.1957E-03	2.8898E-03  
4.8194E-01 	-2.2565E-03	2.8643E-03  
4.8260E-01 	-1.6502E-03	2.9122E-03  
4.8325E-01 	-2.1751E-03	2.9081E-03  
4.8390E-01 	-1.4927E-03	2.9175E-03  
4.8455E-01 	8.5576E-05 	2.8926E-03  
4.8520E-01 	-4.7070E-04	2.8990E-03  
4.8586E-01 	-1.2535E-03	2.9152E-03  
4.8651E-01 	-1.7141E-04	2.8996E-03  
4.8716E-01 	-2.3163E-03	2.8809E-03  
4.8781E-01 	-2.0137E-03	2.8748E-03  
4.8847E-01 	-2.6634E-04	2.8909E-03  
4.8912E-01 	-2.0740E-03	2.8849E-03  
4.8977E-01 	-3.9234E-03	2.8760E-03  
4.9042E-01 	-2.4946E-03	2.8919E-03  
4.9107E-01 	3.5020E-04 	2.9481E-03  
4.9173E-01 	-5.3762E-04	2.9429E-03  
4.9238E-01 	-1.7118E-03	2.9133E-03  
4.9303E-01 	-3.6213E-04	2.8800E-03  
4.9368E-01 	5.1146E-04 	2.9265E-03  
4.9434E-01 	-2.4466E-03	2.8906E-03  
4.9499E-01 	-2.7968E-03	2.8988E-03  
4.9564E-01 	-1.9459E-03	2.9068E-03  
4.9629E-01 	3.8997E-04 	2.9363E-03  
4.9694E-01 	5.0217E-04 	2.9150E-03  
4.9760E-01 	1.3044E-03 	2.9357E-03  
4.9825E-01 	8.7078E-04 	2.9427E-03  
4.9890E-01 	2.1868E-03 	2.9573E-03  
4.9955E-01 	1.3625E-03 	2.9178E-03  
5.0021E-01 	-1.3731E-03	2.9077E-03  
5.0086E-01 	-2.4631E-03	2.9327E-03  
5.0151E-01 	-6.2206E-04	2.9327E-03  
5.0216E-01 	-1.9564E-05	2.9185E-03  
5.0281E-01 	-1.4964E-05	2.9440E-03  
5.0347E-01 	1.5905E-03 	2.9549E-03  
5.0412E-01 	2.2251E-03 	2.9535E-03  
5.0477E-01 	4.8284E-04 	2.9482E-03  
5.0542E-01 	1.9339E-03 	2.9828E-03  
5.0607E-01 	1.1559E-03 	2.9607E-03  
5.0673E-01 	1.1346E-03 	2.9593E-03  
5.0738E-01 	4.8230E-03 	2.9995E-03  
5.0803E-01 	3.3981E-03 	2.9681E-03  
5.0868E-01 	-1.6944E-04	2.9730E-03  
5.0933E-01 	-1.0943E-03	2.9678E-03  
5.0999E-01 	4.8279E-04 	2.9939E-03  
5.1064E-01 	2.5309E-03 	2.9956E-03  
5.1129E-01 	1.8253E-03 	2.9883E-03  
5.1194E-01 	-1.4932E-03	2.9111E-03  
5.1260E-01 	-2.7748E-03	2.9068E-03  
5.1325E-01 	-3.2202E-04	2.9216E-03  
5.1390E-01 	-3.2116E-03	2.9061E-03  
5.1455E-01 	-3.7853E-03	2.8952E-03  
5.1520E-01 	-1.4663E-03	2.9133E-03  
5.1586E-01 	-5.4424E-07	2.9424E-03  
5.1651E-01 	-1.7224E-04	2.9308E-03  
5.1716E-01 	-3.5085E-04	2.9128E-03  
5.1781E-01 	7.6736E-05 	2.9236E-03  
5.1846E-01 	5.0343E-04 	2.9373E-03  
5.1912E-01 	-1.2128E-03	2.9312E-03  
5.1977E-01 	-8.3762E-04	2.9335E-03  
5.2042E-01 	-1.0452E-03	2.9220E-03  
5.2107E-01 	1.4598E-03 	2.9299E-03  
5.2173E-01 	-8.7091E-04	2.9227E-03  
5.2238E-01 	1.0561E-04 	2.9186E-03  
5.2303E-01 	-1.8654E-03	2.9025E-03  
5.2368E-01 	-7.8377E-04	2.9293E-03  
5.2433E-01 	2.1509E-04 	2.9507E-03  
5.2499E-01 	-5.5987E-04	2.9189E-03  
5.2564E-01 	2.4452E-04 	2.9434E-03  
5.2629E-01 	1.5983E-04 	2.9507E-03  
5.2694E-01 	4.4008E-04 	2.9395E-03  
5.2760E-01 	1.7866E-03 	2.9702E-03  
5.2825E-01 	-4.7152E-04	2.9430E-03  
5.2890E-01 	1.7984E-03 	2.9425E-03  
5.2955E-01 	2.6315E-03 	2.9696E-03  
5.3020E-01 	7.5198E-04 	2.9494E-03  
5.3086E-01 	2.5253E-03 	2.9666E-03  
5.3151E-01 	2.1816E-03 	2.9655E-03  
5.3216E-01 	4.3675E-03 	3.0013E-03  
5.3281E-01 	5.6155E-03 	2.9965E-03  
5.3346E-01 	3.1830E-03 	3.0040E-03  
5.3412E-01 	1.4967E-03 	2.9738E-03  
5.3477E-01 	1.6260E-03 	2.9723E-03  
5.3542E-01 	2.4828E-03 	2.9981E-03  
5.3607E-01 	2.7302E-03 	3.0121E-03  
5.3673E-01 	1.7018E-03 	2.9886E-03  
5.3738E-01 	1.6605E-03 	2.9901E-03  
5.3803E-01 	3.0703E-03 	2.9958E-03  
5.3868E-01 	2.7304E-04 	2.9616E-03  
5.3933E-01 	5.2548E-04 	2.9671E-03  
5.3999E-01 	7.0372E-04 	2.9803E-03  
5.4064E-01 	-1.6151E-04	3.0061E-03  
5.4129E-01 	1.6446E-03 	3.0317E-03  
5.4194E-01 	1.1390E-03 	3.0200E-03  
5.4260E-01 	1.4131E-03 	3.0124E-03  
5.4325E-01 	2.3755E-03 	3.0142E-03  
5.4390E-01 	1.1026E-03 	2.9804E-03  
5.4455E-01 	4.0876E-03 	3.0099E-03  
5.4520E-01 	1.6731E-03 	3.0121E-03  
5.4586E-01 	2.2625E-03 	2.9990E-03  
5.4651E-01 	2.9240E-03 	2.9850E-03  
5.4716E-01 	1.8954E-03 	2.9722E-03  
5.4781E-01 	7.1093E-04 	2.9894E-03  
5.4846E-01 	2.5886E-03 	2.9760E-03  
5.4912E-01 	9.8255E-04 	2.9759E-03  
5.4977E-01 	-3.1274E-04	2.9651E-03  
5.5042E-01 	-3.9114E-05	2.9652E-03  
5.5107E-01 	3.0765E-04 	2.9682E-03  
5.5173E-01 	5.0200E-03 	2.9491E-03  
5.5238E-01 	1.5910E-03 	2.9720E-03  
5.5303E-01 	5.1388E-04 	2.9744E-03  
5.5368E-01 	8.7933E-04 	2.9495E-03  
5.5433E-01 	1.7332E-03 	2.9979E-03  
5.5499E-01 	1.1868E-03 	2.9744E-03  
5.5564E-01 	7.5166E-04 	2.9644E-03  
5.5629E-01 	-1.2716E-03	2.9508E-03  
5.5694E-01 	1.9133E-03 	2.9766E-03  
5.5759E-01 	1.3493E-03 	2.9609E-03  
5.5825E-01 	2.8563E-03 	2.9724E-03  
5.5890E-01 	3.4681E-04 	2.9500E-03  
5.5955E-01 	1.6305E-03 	2.9772E-03  
5.6020E-01 	1.8189E-03 	3.0031E-03  
5.6085E-01 	3.3140E-03 	3.0184E-03  
5.6151E-01 	3.7752E-03 	3.0076E-03  
5.6216E-01 	8.0226E-04 	3.0239E-03  
5.6281E-01 	3.7954E-03 	3.0175E-03  
5.6346E-01 	4.8132E-03 	3.0181E-03  
5.6412E-01 	5.2715E-03 	3.0174E-03  
5.6477E-01 	2.3195E-03 	2.9953E-03  
5.6542E-01 	3.5598E-03 	3.0127E-03  
5.6607E-01 	7.9976E-03 	3.0683E-03  
5.6673E-01 	6.5937E-03 	3.0633E-03  
5.6738E-01 	7.7585E-03 	3.0746E-03  
5.6803E-01 	7.4808E-03 	3.0687E-03  
5.6868E-01 	5.3218E-03 	3.0566E-03  
5.6933E-01 	3.1059E-03 	3.0416E-03  
5.6998E-01 	6.0761E-03 	3.0798E-03  
5.7064E-01 	6.8051E-03 	3.0646E-03  
5.7129E-01 	5.2943E-03 	3.0397E-03  
5.7194E-01 	4.1391E-03 	3.0464E-03  
5.7259E-01 	3.1519E-03 	3.0315E-03  
5.7325E-01 	2.3379E-03 	3.0411E-03  
5.7390E-01 	1.2241E-03 	3.0264E-03  
5.7455E-01 	-3.5769E-04	3.0250E-03  
5.7520E-01 	1.5566E-03 	3.0526E-03  
5.7586E-01 	3.6348E-03 	3.0265E-03  
5.7651E-01 	6.6708E-03 	3.0309E-03  
5.7716E-01 	4.4709E-03 	3.0463E-03  
5.7781E-01 	3.5123E-03 	3.0578E-03  
5.7846E-01 	3.5923E-03 	3.0430E-03  
5.7912E-01 	3.4003E-03 	3.0301E-03  
5.7977E-01 	2.0353E-03 	3.0235E-03  
5.8042E-01 	3.1150E-03 	3.0508E-03  
