  1ymb_crysol        
  0.000000E+00  0.601233E+07  
  0.100000E-01  0.595639E+07  
  0.200000E-01  0.579152E+07  
  0.300000E-01  0.552593E+07  
  0.400000E-01  0.517278E+07  
  0.500000E-01  0.474904E+07  
  0.600000E-01  0.427433E+07  
  0.700000E-01  0.376945E+07  
  0.800000E-01  0.325507E+07  
  0.900000E-01  0.275041E+07  
  0.100000E+00  0.227211E+07  
  0.110000E+00  0.183348E+07  
  0.120000E+00  0.144403E+07  
  0.130000E+00  0.110928E+07  
  0.140000E+00  0.831008E+06  
  0.150000E+00  0.607692E+06  
  0.160000E+00  0.435133E+06  
  0.170000E+00  0.307229E+06  
  0.180000E+00  0.216758E+06  
  0.190000E+00  0.156116E+06  
  0.200000E+00  0.117949E+06  
  0.210000E+00  0.956387E+05  
  0.220000E+00  0.836223E+05  
  0.230000E+00  0.775478E+05  
  0.240000E+00  0.742852E+05  
  0.250000E+00  0.718177E+05  
  0.260000E+00  0.690585E+05  
  0.270000E+00  0.656215E+05  
  0.280000E+00  0.615874E+05  
  0.290000E+00  0.572908E+05  
  0.300000E+00  0.531441E+05  
  0.310000E+00  0.495161E+05  
  0.320000E+00  0.466546E+05  
  0.330000E+00  0.446627E+05  
  0.340000E+00  0.435045E+05  
  0.350000E+00  0.430367E+05  
  0.360000E+00  0.430547E+05  
  0.370000E+00  0.433332E+05  
  0.380000E+00  0.436685E+05  
  0.390000E+00  0.439014E+05  
  0.400000E+00  0.439316E+05  
  0.410000E+00  0.437209E+05  
  0.420000E+00  0.432821E+05  
  0.430000E+00  0.426643E+05  
  0.440000E+00  0.419393E+05  
  0.450000E+00  0.411819E+05  
  0.460000E+00  0.404598E+05  
  0.470000E+00  0.398233E+05  
  0.480000E+00  0.393049E+05  
  0.490000E+00  0.389168E+05  
  0.500000E+00  0.386554E+05  
