4pti	1BZ5_dimer	1BZ5_pentamer 1BZ5_decamer
  0.000000E+00  0.894439E+06    0.000000E+00  0.312515E+07   0.000000E+00  0.185677E+08    0.000000E+00  0.716787E+08  
  0.100000E-01  0.890323E+06    0.100000E-01  0.309845E+07   0.100000E-01  0.182757E+08    0.100000E-01  0.703960E+08  
  0.200000E-01  0.878099E+06    0.200000E-01  0.301987E+07   0.200000E-01  0.174259E+08    0.200000E-01  0.666697E+08  
  0.300000E-01  0.858109E+06    0.300000E-01  0.289362E+07   0.300000E-01  0.160908E+08    0.300000E-01  0.608418E+08  
  0.400000E-01  0.830904E+06    0.400000E-01  0.272641E+07   0.400000E-01  0.143818E+08    0.400000E-01  0.534315E+08  
  0.500000E-01  0.797228E+06    0.500000E-01  0.252681E+07   0.500000E-01  0.124337E+08    0.500000E-01  0.450667E+08  
  0.600000E-01  0.757977E+06    0.600000E-01  0.230446E+07   0.600000E-01  0.103894E+08    0.600000E-01  0.364043E+08  
  0.700000E-01  0.714161E+06    0.700000E-01  0.206943E+07   0.700000E-01  0.838321E+07    0.700000E-01  0.280531E+08  
  0.800000E-01  0.666860E+06    0.800000E-01  0.183138E+07   0.800000E-01  0.652741E+07    0.800000E-01  0.205106E+08  
  0.900000E-01  0.617183E+06    0.900000E-01  0.159892E+07   0.900000E-01  0.490345E+07    0.900000E-01  0.141204E+08  
  0.100000E+00  0.566225E+06    0.100000E+00  0.137917E+07   0.100000E+00  0.355774E+07    0.100000E+00  0.905645E+07  
  0.110000E+00  0.515029E+06    0.110000E+00  0.117738E+07   0.110000E+00  0.250290E+07    0.110000E+00  0.533201E+07  
  0.120000E+00  0.464547E+06    0.120000E+00  0.996882E+06   0.120000E+00  0.172309E+07    0.120000E+00  0.282861E+07  
  0.130000E+00  0.415619E+06    0.130000E+00  0.839154E+06   0.130000E+00  0.118205E+07    0.130000E+00  0.133781E+07  
  0.140000E+00  0.368951E+06    0.140000E+00  0.704064E+06   0.140000E+00  0.832173E+06    0.140000E+00  0.607072E+06  
  0.150000E+00  0.325103E+06    0.150000E+00  0.590219E+06   0.150000E+00  0.623048E+06    0.150000E+00  0.381811E+06  
  0.160000E+00  0.284486E+06    0.160000E+00  0.495365E+06   0.160000E+00  0.508202E+06    0.160000E+00  0.437968E+06  
  0.170000E+00  0.247364E+06    0.170000E+00  0.416791E+06   0.170000E+00  0.449504E+06    0.170000E+00  0.602056E+06  
  0.180000E+00  0.213867E+06    0.180000E+00  0.351685E+06   0.180000E+00  0.419083E+06    0.180000E+00  0.758378E+06  
  0.190000E+00  0.184002E+06    0.190000E+00  0.297421E+06   0.190000E+00  0.399121E+06    0.190000E+00  0.845557E+06  
  0.200000E+00  0.157676E+06    0.200000E+00  0.251744E+06   0.200000E+00  0.380178E+06    0.200000E+00  0.845717E+06  
  0.210000E+00  0.134709E+06    0.210000E+00  0.212865E+06   0.210000E+00  0.358793E+06    0.210000E+00  0.770260E+06  
  0.220000E+00  0.114863E+06    0.220000E+00  0.179473E+06   0.220000E+00  0.335029E+06    0.220000E+00  0.645668E+06  
  0.230000E+00  0.978585E+05    0.230000E+00  0.150680E+06   0.230000E+00  0.310422E+06    0.230000E+00  0.501833E+06  
  0.240000E+00  0.833916E+05    0.240000E+00  0.125921E+06   0.240000E+00  0.286605E+06    0.240000E+00  0.364161E+06  
  0.250000E+00  0.711545E+05    0.250000E+00  0.104844E+06   0.250000E+00  0.264602E+06    0.250000E+00  0.249649E+06  
  0.260000E+00  0.608462E+05    0.260000E+00  0.871999E+05   0.260000E+00  0.244694E+06    0.260000E+00  0.166197E+06  
  0.270000E+00  0.521843E+05    0.270000E+00  0.727575E+05   0.270000E+00  0.226600E+06    0.270000E+00  0.114156E+06  
  0.280000E+00  0.449115E+05    0.280000E+00  0.612422E+05   0.280000E+00  0.209802E+06    0.280000E+00  0.888167E+05  
  0.290000E+00  0.388004E+05    0.290000E+00  0.523144E+05   0.290000E+00  0.193828E+06    0.290000E+00  0.830434E+05  
  0.300000E+00  0.336549E+05    0.300000E+00  0.455696E+05   0.300000E+00  0.178422E+06    0.300000E+00  0.893699E+05  
  0.310000E+00  0.293105E+05    0.310000E+00  0.405634E+05   0.310000E+00  0.163562E+06    0.310000E+00  0.101327E+06  
  0.320000E+00  0.256315E+05    0.320000E+00  0.368463E+05   0.320000E+00  0.149393E+06    0.320000E+00  0.114035E+06  
  0.330000E+00  0.225086E+05    0.330000E+00  0.340030E+05   0.330000E+00  0.136114E+06    0.330000E+00  0.124304E+06  
  0.340000E+00  0.198551E+05    0.340000E+00  0.316843E+05   0.340000E+00  0.123867E+06    0.340000E+00  0.130386E+06  
  0.350000E+00  0.176022E+05    0.350000E+00  0.296256E+05   0.350000E+00  0.112688E+06    0.350000E+00  0.131659E+06  
  0.360000E+00  0.156963E+05    0.360000E+00  0.276569E+05   0.360000E+00  0.102499E+06    0.360000E+00  0.128297E+06  
  0.370000E+00  0.140940E+05    0.370000E+00  0.256963E+05   0.370000E+00  0.931588E+05    0.370000E+00  0.121020E+06  
  0.380000E+00  0.127606E+05    0.380000E+00  0.237404E+05   0.380000E+00  0.845189E+05    0.380000E+00  0.110889E+06  
  0.390000E+00  0.116659E+05    0.390000E+00  0.218309E+05   0.390000E+00  0.764765E+05    0.390000E+00  0.991303E+05  
  0.400000E+00  0.107834E+05    0.400000E+00  0.200418E+05   0.400000E+00  0.689993E+05    0.400000E+00  0.869706E+05  
  0.410000E+00  0.100881E+05    0.410000E+00  0.184468E+05   0.410000E+00  0.621165E+05    0.410000E+00  0.755073E+05  
  0.420000E+00  0.955633E+04    0.420000E+00  0.171069E+05   0.420000E+00  0.559096E+05    0.420000E+00  0.655782E+05  
  0.430000E+00  0.916484E+04    0.430000E+00  0.160575E+05   0.430000E+00  0.504570E+05    0.430000E+00  0.576988E+05  
  0.440000E+00  0.889049E+04    0.440000E+00  0.153015E+05   0.440000E+00  0.458058E+05    0.440000E+00  0.520492E+05  
  0.450000E+00  0.871144E+04    0.450000E+00  0.148137E+05   0.450000E+00  0.419501E+05    0.450000E+00  0.485057E+05  
  0.460000E+00  0.860613E+04    0.460000E+00  0.145473E+05   0.460000E+00  0.388272E+05    0.460000E+00  0.467665E+05  
  0.470000E+00  0.855357E+04    0.470000E+00  0.144435E+05   0.470000E+00  0.363313E+05    0.470000E+00  0.464121E+05  
  0.480000E+00  0.853588E+04    0.480000E+00  0.144411E+05   0.480000E+00  0.343424E+05    0.480000E+00  0.470390E+05  
  0.490000E+00  0.853619E+04    0.490000E+00  0.144867E+05   0.490000E+00  0.327543E+05    0.490000E+00  0.482892E+05  
  0.500000E+00  0.854048E+04    0.500000E+00  0.145380E+05   0.500000E+00  0.314902E+05    0.500000E+00  0.499074E+05  
